Timestamp	Speed (kmph)	Throttle	Steering	Brake	Gear	ImageName
1519516012	0	1.000000	1.000000	0.000000	N	img_0_0_1519516020687100.png
1519516274	0	1.000000	1.000000	0.000000	N	img_0_0_1519516283498600.png
1519516537	0	1.000000	1.000000	0.000000	1	img_0_0_1519516551609300.png
1519516807	2	1.000000	1.000000	0.000000	1	img_0_0_1519516817469600.png
1519517066	4	1.000000	1.000000	0.000000	1	img_0_0_1519517075942900.png
1519517322	6	1.000000	1.000000	0.000000	1	img_0_0_1519517333025100.png
1519517578	8	1.000000	1.000000	0.000000	1	img_0_0_1519517586542200.png
1519517834	9	1.000000	1.000000	0.000000	1	img_0_0_1519517842749100.png
1519518065	11	1.000000	1.000000	0.000000	1	img_0_0_1519518073629100.png
1519518292	12	1.000000	1.000000	0.000000	1	img_0_0_1519518300584800.png
1519518489	14	1.000000	0.000000	0.000000	1	img_0_0_1519518497410300.png
1519518659	15	1.000000	0.000000	0.000000	N	img_0_0_1519518669622400.png
1519518810	15	1.000000	1.000000	0.000000	N	img_0_0_1519518818582300.png
1519518934	17	1.000000	1.000000	0.000000	2	img_0_0_1519518943418300.png
1519519041	18	1.000000	1.000000	0.000000	2	img_0_0_1519519050068100.png
1519519148	19	1.000000	1.000000	0.000000	2	img_0_0_1519519162298800.png
1519519285	20	1.000000	1.000000	0.000000	2	img_0_0_1519519302320200.png
1519519488	20	1.000000	1.000000	0.000000	2	img_0_0_1519519501229000.png
1519519757	21	1.000000	1.000000	0.000000	2	img_0_0_1519519766599800.png
1519520064	21	1.000000	1.000000	0.000000	2	img_0_0_1519520073682600.png
1519520357	22	1.000000	1.000000	0.000000	2	img_0_0_1519520368092900.png
1519520616	21	0.000000	0.000000	0.000000	N	img_0_0_1519520629205600.png
1519520915	20	1.000000	0.000000	0.000000	N	img_0_0_1519520925561000.png
1519521211	19	1.000000	0.000000	0.000000	3	img_0_0_1519521220444900.png
1519521493	17	1.000000	0.000000	0.000000	3	img_0_0_1519521504063200.png
1519521672	16	1.000000	0.000000	0.000000	3	img_0_0_1519521681825200.png
1519521810	16	1.000000	0.000000	0.000000	3	img_0_0_1519521819479800.png
1519521935	15	1.000000	0.000000	0.000000	3	img_0_0_1519521946847500.png
1519522051	15	1.000000	-1.000000	0.000000	3	img_0_0_1519522059143100.png
1519522161	15	1.000000	-1.000000	0.000000	3	img_0_0_1519522169605600.png
1519522276	15	1.000000	-1.000000	0.000000	3	img_0_0_1519522285548400.png
1519522410	15	1.000000	0.000000	0.000000	N	img_0_0_1519522417304500.png
1519522532	17	1.000000	0.000000	0.000000	N	img_0_0_1519522540606000.png
1519522658	18	1.000000	1.000000	0.000000	4	img_0_0_1519522666395600.png
1519522787	20	1.000000	0.000000	0.000000	4	img_0_0_1519522796807900.png
1519522917	21	1.000000	0.000000	0.000000	4	img_0_0_1519522926557900.png
1519523048	22	1.000000	0.000000	0.000000	4	img_0_0_1519523056736100.png
1519523176	23	1.000000	0.000000	0.000000	4	img_0_0_1519523184833400.png
1519523306	24	1.000000	-1.000000	0.000000	4	img_0_0_1519523314904000.png
1519523432	25	1.000000	0.000000	0.000000	4	img_0_0_1519523440835900.png
1519523561	26	1.000000	0.000000	0.000000	4	img_0_0_1519523569844200.png
1519523692	27	1.000000	0.000000	0.000000	4	img_0_0_1519523701080700.png
1519523825	28	1.000000	0.000000	0.000000	N	img_0_0_1519523833504300.png
1519523959	27	1.000000	0.000000	0.000000	3	img_0_0_1519523967183700.png
1519524093	27	1.000000	1.000000	0.000000	3	img_0_0_1519524103033200.png
1519524248	27	1.000000	0.000000	0.000000	3	img_0_0_1519524257002200.png
1519524387	27	1.000000	0.000000	0.000000	3	img_0_0_1519524396386600.png
1519524522	28	1.000000	0.000000	0.000000	3	img_0_0_1519524531527100.png
1519524658	31	1.000000	0.000000	0.000000	3	img_0_0_1519524667569100.png
1519524795	33	1.000000	1.000000	0.000000	3	img_0_0_1519524802609200.png
1519524925	34	1.000000	1.000000	0.000000	3	img_0_0_1519524933570800.png
1519525054	36	1.000000	0.000000	0.000000	3	img_0_0_1519525062427700.png
1519525187	36	1.000000	0.000000	0.000000	N	img_0_0_1519525196251500.png
1519525305	36	1.000000	0.000000	0.000000	2	img_0_0_1519525313843400.png
1519525417	37	1.000000	1.000000	0.000000	2	img_0_0_1519525424581100.png
1519525525	39	1.000000	0.000000	0.000000	2	img_0_0_1519525533465200.png
1519525630	40	1.000000	0.000000	0.000000	2	img_0_0_1519525640040500.png
1519525732	42	0.000000	1.000000	0.000000	2	img_0_0_1519525739456200.png
1519525839	43	-1.000000	1.000000	0.000000	R	img_0_0_1519525847977500.png
1519525952	40	-1.000000	1.000000	0.000000	R	img_0_0_1519525961183100.png
1519526054	37	-1.000000	1.000000	0.000000	R	img_0_0_1519526062452200.png
1519526146	33	-1.000000	1.000000	0.000000	R	img_0_0_1519526154270600.png
1519526236	29	-1.000000	1.000000	0.000000	R	img_0_0_1519526244479700.png
1519526325	26	-1.000000	1.000000	0.000000	R	img_0_0_1519526333893900.png
1519526413	23	-1.000000	1.000000	0.000000	R	img_0_0_1519526421138800.png
1519526496	19	-1.000000	1.000000	0.000000	R	img_0_0_1519526504633800.png
1519526599	15	-1.000000	1.000000	0.000000	R	img_0_0_1519526607513900.png
1519526690	11	0.000000	1.000000	0.000000	N	img_0_0_1519526697777100.png
1519526766	10	0.000000	1.000000	0.000000	N	img_0_0_1519526775978300.png
1519526839	9	0.000000	1.000000	0.000000	N	img_0_0_1519526852018100.png
1519526911	9	0.000000	1.000000	0.000000	N	img_0_0_1519526921330000.png
1519526978	9	1.000000	1.000000	0.000000	N	img_0_0_1519526987471100.png
1519527040	9	1.000000	0.000000	0.000000	N	img_0_0_1519527052987300.png
1519527115	9	1.000000	0.000000	0.000000	N	img_0_0_1519527123014800.png
1519527171	9	1.000000	0.000000	0.000000	1	img_0_0_1519527182583100.png
1519527226	10	1.000000	0.000000	0.000000	1	img_0_0_1519527238680100.png
1519527282	12	1.000000	0.000000	0.000000	1	img_0_0_1519527294150600.png
1519527337	12	1.000000	0.000000	0.000000	1	img_0_0_1519527348731100.png
1519527390	13	1.000000	0.000000	0.000000	1	img_0_0_1519527402139000.png
1519527444	13	1.000000	0.000000	0.000000	1	img_0_0_1519527456536200.png
1519527502	14	1.000000	0.000000	0.000000	1	img_0_0_1519527513177000.png
1519527553	16	1.000000	0.000000	0.000000	1	img_0_0_1519527565801700.png
1519527605	17	1.000000	0.000000	0.000000	1	img_0_0_1519527618645400.png
1519527703	19	1.000000	0.000000	0.000000	1	img_0_0_1519527713962400.png
1519527798	20	1.000000	0.000000	0.000000	1	img_0_0_1519527808617600.png
1519527916	21	1.000000	1.000000	0.000000	1	img_0_0_1519527929994800.png
1519528017	21	1.000000	1.000000	0.000000	1	img_0_0_1519528029402900.png
1519528069	21	1.000000	1.000000	0.000000	N	img_0_0_1519528081936200.png
1519528172	21	1.000000	0.000000	0.000000	N	img_0_0_1519528176862100.png
1519528225	21	1.000000	0.000000	0.000000	2	img_0_0_1519528236320400.png
1519528272	23	1.000000	0.000000	0.000000	2	img_0_0_1519528285478500.png
1519528363	25	1.000000	0.000000	0.000000	2	img_0_0_1519528373220100.png
1519528454	26	1.000000	0.000000	0.000000	2	img_0_0_1519528463070900.png
1519528547	28	1.000000	0.000000	0.000000	2	img_0_0_1519528551583000.png
1519528592	29	1.000000	0.000000	0.000000	2	img_0_0_1519528600085400.png
1519528683	30	1.000000	0.000000	0.000000	2	img_0_0_1519528686892500.png
1519528729	31	1.000000	0.000000	0.000000	2	img_0_0_1519528734979400.png
1519528774	32	1.000000	1.000000	0.000000	2	img_0_0_1519528781848800.png
1519528865	33	1.000000	1.000000	0.000000	2	img_0_0_1519528870792100.png
1519528911	34	1.000000	1.000000	0.000000	2	img_0_0_1519528921696600.png
1519529001	35	1.000000	0.000000	0.000000	2	img_0_0_1519529014034800.png
1519529124	35	1.000000	0.000000	0.000000	N	img_0_0_1519529137507900.png
1519529199	35	1.000000	0.000000	0.000000	N	img_0_0_1519529212475400.png
1519529337	36	1.000000	0.000000	0.000000	3	img_0_0_1519529341978400.png
1519529391	37	1.000000	0.000000	0.000000	3	img_0_0_1519529403245700.png
1519529517	39	1.000000	0.000000	0.000000	3	img_0_0_1519529521398300.png
1519529570	40	1.000000	0.000000	0.000000	3	img_0_0_1519529583025200.png
1519529686	41	1.000000	0.000000	0.000000	3	img_0_0_1519529695792900.png
1519529745	42	1.000000	0.000000	0.000000	3	img_0_0_1519529758587800.png
1519529862	44	1.000000	1.000000	0.000000	3	img_0_0_1519529872042600.png
1519529918	44	1.000000	1.000000	0.000000	3	img_0_0_1519529929635500.png
1519529974	45	1.000000	0.000000	0.000000	3	img_0_0_1519529984633900.png
1519530032	46	1.000000	0.000000	0.000000	3	img_0_0_1519530042418100.png
1519530104	46	1.000000	0.000000	0.000000	3	img_0_0_1519530116503200.png
1519530179	46	1.000000	0.000000	0.000000	3	img_0_0_1519530194781300.png
1519530317	49	1.000000	0.000000	0.000000	3	img_0_0_1519530331198300.png
1519530449	49	1.000000	0.000000	0.000000	N	img_0_0_1519530463195700.png
1519530578	50	1.000000	0.000000	0.000000	2	img_0_0_1519530588965900.png
1519530642	50	1.000000	0.000000	0.000000	2	img_0_0_1519530655565600.png
1519530773	52	1.000000	0.000000	0.000000	2	img_0_0_1519530778512700.png
1519530831	53	1.000000	0.000000	0.000000	2	img_0_0_1519530840666200.png
1519530892	54	1.000000	0.000000	0.000000	2	img_0_0_1519530903109100.png
1519530954	54	1.000000	0.000000	0.000000	2	img_0_0_1519530964880600.png
1519531018	55	1.000000	0.000000	0.000000	2	img_0_0_1519531028878500.png
1519531081	55	1.000000	0.000000	0.000000	2	img_0_0_1519531094685300.png
1519531146	56	1.000000	0.000000	0.000000	2	img_0_0_1519531161251500.png
1519531271	58	1.000000	0.000000	0.000000	2	img_0_0_1519531284430900.png
1519531331	58	1.000000	0.000000	0.000000	2	img_0_0_1519531343947500.png
1519531447	59	1.000000	0.000000	0.000000	N	img_0_0_1519531452532100.png
1519531498	59	1.000000	0.000000	0.000000	N	img_0_0_1519531508319800.png
1519531551	60	1.000000	0.000000	0.000000	3	img_0_0_1519531563957900.png
1519531654	61	1.000000	0.000000	0.000000	3	img_0_0_1519531665347200.png
1519531755	62	1.000000	0.000000	0.000000	3	img_0_0_1519531766114600.png
1519531853	63	1.000000	0.000000	0.000000	3	img_0_0_1519531864065500.png
1519531948	64	1.000000	0.000000	0.000000	3	img_0_0_1519531959388000.png
1519532043	65	1.000000	0.000000	0.000000	3	img_0_0_1519532055824500.png
1519532138	66	1.000000	0.000000	0.000000	3	img_0_0_1519532147537200.png
1519532234	67	1.000000	0.000000	0.000000	3	img_0_0_1519532238624100.png
1519532279	68	1.000000	0.000000	0.000000	3	img_0_0_1519532288630800.png
1519532325	68	1.000000	0.000000	0.000000	3	img_0_0_1519532352755600.png
1519532416	69	1.000000	0.000000	0.000000	3	img_0_0_1519532422122900.png
1519532461	70	1.000000	0.000000	0.000000	3	img_0_0_1519532468463500.png
1519532552	70	1.000000	0.000000	0.000000	3	img_0_0_1519532553829200.png
1519532598	70	1.000000	0.000000	0.000000	N	img_0_0_1519532600548600.png
1519532643	70	1.000000	0.000000	0.000000	N	img_0_0_1519532645882200.png
1519532689	70	1.000000	0.000000	0.000000	N	img_0_0_1519532727870300.png
1519532734	70	1.000000	0.000000	0.000000	4	img_0_0_1519532772832000.png
1519532780	71	1.000000	0.000000	0.000000	4	img_0_0_1519532817571900.png
1519532825	71	1.000000	0.000000	0.000000	4	img_0_0_1519532861357300.png
1519532870	72	1.000000	0.000000	0.000000	4	img_0_0_1519532905496700.png
1519532961	73	1.000000	0.000000	0.000000	4	img_0_0_1519532983682400.png
1519533007	73	1.000000	0.000000	0.000000	4	img_0_0_1519533026959500.png
1519533052	73	1.000000	0.000000	0.000000	4	img_0_0_1519533074807300.png
1519533098	74	1.000000	0.000000	0.000000	4	img_0_0_1519533116817800.png
1519533143	74	1.000000	0.000000	0.000000	4	img_0_0_1519533158517400.png
1519533189	75	1.000000	0.000000	0.000000	4	img_0_0_1519533199859100.png
1519533234	75	1.000000	0.000000	0.000000	4	img_0_0_1519533243377300.png
1519533280	75	1.000000	0.000000	0.000000	4	img_0_0_1519533292960600.png
1519533371	76	1.000000	0.000000	0.000000	4	img_0_0_1519533381338400.png
1519533416	76	1.000000	0.000000	0.000000	4	img_0_0_1519533425284900.png
1519533461	77	1.000000	0.000000	0.000000	4	img_0_0_1519533468692400.png
1519533507	77	1.000000	0.000000	0.000000	4	img_0_0_1519533514364700.png
1519533552	78	1.000000	0.000000	0.000000	4	img_0_0_1519533560064900.png
1519533598	78	1.000000	0.000000	0.000000	N	img_0_0_1519533604699100.png
1519533643	78	1.000000	0.000000	0.000000	N	img_0_0_1519533650611000.png
1519533689	78	1.000000	0.000000	0.000000	N	img_0_0_1519533695868200.png
1519533734	78	0.000000	0.000000	0.000000	N	img_0_0_1519533742904700.png
1519533780	78	0.000000	0.000000	0.000000	3	img_0_0_1519533793547100.png
1519533871	78	0.000000	0.000000	0.000000	3	img_0_0_1519533875823900.png
1519533916	78	0.000000	0.000000	0.000000	3	img_0_0_1519533921029400.png
1519533961	78	0.000000	0.000000	0.000000	3	img_0_0_1519533966099400.png
1519534007	78	0.000000	0.000000	0.000000	3	img_0_0_1519534011734500.png
1519534052	78	0.000000	0.000000	0.000000	3	img_0_0_1519534057082800.png
1519534098	77	0.000000	0.000000	0.000000	3	img_0_0_1519534102373900.png
1519534143	77	0.000000	0.000000	0.000000	3	img_0_0_1519534146854400.png
1519534189	77	0.000000	0.000000	0.000000	3	img_0_0_1519534192800700.png
1519534234	77	0.000000	0.000000	0.000000	3	img_0_0_1519534242579400.png
1519534280	77	-1.000000	0.000000	0.000000	R	img_0_0_1519534292715500.png
1519534370	74	-1.000000	0.000000	0.000000	R	img_0_0_1519534378102400.png
1519534416	73	-1.000000	0.000000	0.000000	R	img_0_0_1519534420709400.png
1519534461	72	-1.000000	0.000000	0.000000	R	img_0_0_1519534466411200.png
1519534507	70	-1.000000	0.000000	0.000000	R	img_0_0_1519534509899600.png
1519534552	69	-1.000000	0.000000	0.000000	R	img_0_0_1519534555570600.png
1519534598	67	-1.000000	0.000000	0.000000	R	img_0_0_1519534600306400.png
1519534643	66	-1.000000	0.000000	0.000000	R	img_0_0_1519534646745300.png
1519534689	64	-1.000000	0.000000	0.000000	R	img_0_0_1519534692508200.png
1519534734	63	-1.000000	0.000000	0.000000	R	img_0_0_1519534742630800.png
1519534779	61	-1.000000	0.000000	0.000000	R	img_0_0_1519534792552800.png
1519534869	58	-1.000000	0.000000	0.000000	R	img_0_0_1519534875679900.png
1519534914	56	-1.000000	0.000000	0.000000	R	img_0_0_1519534917336100.png
1519534958	55	-1.000000	0.000000	0.000000	R	img_0_0_1519534963165200.png
1519535003	53	-1.000000	0.000000	0.000000	R	img_0_0_1519535007706900.png
1519535047	51	-1.000000	0.000000	0.000000	R	img_0_0_1519535051528300.png
1519535092	50	-1.000000	0.000000	0.000000	R	img_0_0_1519535095838100.png
1519535136	48	-1.000000	0.000000	0.000000	R	img_0_0_1519535142534400.png
1519535180	46	-1.000000	0.000000	0.000000	R	img_0_0_1519535192646300.png
1519535268	43	-1.000000	0.000000	0.000000	R	img_0_0_1519535270761200.png
1519535311	41	0.000000	0.000000	0.000000	N	img_0_0_1519535315284900.png
1519535355	41	0.000000	0.000000	0.000000	N	img_0_0_1519535359223200.png
1519535399	41	1.000000	0.000000	0.000000	N	img_0_0_1519535403113300.png
1519535442	41	1.000000	0.000000	0.000000	N	img_0_0_1519535449355200.png
1519535485	41	1.000000	0.000000	0.000000	N	img_0_0_1519535492520800.png
1519535528	41	1.000000	0.000000	0.000000	N	img_0_0_1519535542813000.png
1519535614	41	1.000000	0.000000	0.000000	N	img_0_0_1519535620242600.png
1519535657	41	1.000000	0.000000	0.000000	N	img_0_0_1519535662432100.png
1519535700	41	1.000000	0.000000	0.000000	N	img_0_0_1519535705162700.png
1519535743	40	1.000000	0.000000	0.000000	N	img_0_0_1519535749166800.png
1519535785	40	1.000000	1.000000	0.000000	N	img_0_0_1519535792595000.png
1519535827	41	1.000000	1.000000	0.000000	1	img_0_0_1519535842762800.png
1519535912	41	0.000000	1.000000	0.000000	1	img_0_0_1519535918147500.png
1519535954	41	0.000000	1.000000	0.000000	1	img_0_0_1519535960257100.png
1519535996	41	0.000000	1.000000	0.000000	1	img_0_0_1519536003193500.png
1519536038	41	0.000000	1.000000	0.000000	1	img_0_0_1519536044570100.png
1519536080	41	0.000000	1.000000	0.000000	1	img_0_0_1519536093193800.png
1519536163	40	0.000000	0.000000	0.000000	1	img_0_0_1519536171967100.png
1519536204	40	0.000000	0.000000	0.000000	1	img_0_0_1519536215816000.png
1519536246	39	0.000000	0.000000	0.000000	1	img_0_0_1519536259517100.png
1519536287	39	0.000000	0.000000	0.000000	1	img_0_0_1519536310185100.png
1519536328	39	0.000000	0.000000	0.000000	1	img_0_0_1519536365545800.png
1519536472	39	0.000000	1.000000	0.000000	1	img_0_0_1519536486828700.png
1519536611	38	0.000000	1.000000	0.000000	1	img_0_0_1519536624147800.png
1519536702	37	0.000000	1.000000	0.000000	1	img_0_0_1519536711165800.png
1519536790	35	0.000000	1.000000	0.000000	1	img_0_0_1519536805220400.png
1519536922	34	0.000000	1.000000	0.000000	1	img_0_0_1519536931856300.png
1519537077	32	0.000000	1.000000	0.000000	1	img_0_0_1519537086085500.png
1519537252	31	0.000000	1.000000	0.000000	1	img_0_0_1519537263124600.png
1519537465	30	0.000000	0.000000	0.000000	1	img_0_0_1519537472915100.png
1519537709	28	0.000000	0.000000	0.000000	1	img_0_0_1519537717838900.png
1519537967	27	0.000000	0.000000	0.000000	1	img_0_0_1519537975664300.png
1519538242	26	0.000000	0.000000	0.000000	1	img_0_0_1519538250618400.png
1519538535	25	0.000000	0.000000	0.000000	1	img_0_0_1519538544182400.png
1519538852	24	1.000000	0.000000	0.000000	1	img_0_0_1519538860472800.png
1519539161	24	1.000000	0.000000	0.000000	1	img_0_0_1519539170035500.png
1519539477	24	0.000000	-1.000000	0.000000	1	img_0_0_1519539484630100.png
1519539790	25	0.000000	0.000000	0.000000	1	img_0_0_1519539798489500.png
1519540102	25	1.000000	0.000000	0.000000	1	img_0_0_1519540109797000.png
1519540422	24	1.000000	0.000000	0.000000	1	img_0_0_1519540430513600.png
1519540754	25	1.000000	0.000000	0.000000	1	img_0_0_1519540850079000.png
1519541435	27	1.000000	0.000000	0.000000	N	img_0_0_1519541503396700.png
1519542111	28	1.000000	0.000000	0.000000	2	img_0_0_1519542120074900.png
1519542422	30	1.000000	0.000000	0.000000	2	img_0_0_1519542432522400.png
1519542737	31	1.000000	0.000000	0.000000	2	img_0_0_1519542746486500.png
1519543052	33	1.000000	0.000000	0.000000	2	img_0_0_1519543060409700.png
1519543363	34	1.000000	0.000000	0.000000	2	img_0_0_1519543371639800.png
1519543674	36	1.000000	0.000000	0.000000	2	img_0_0_1519543682377400.png
1519543983	36	1.000000	0.000000	0.000000	2	img_0_0_1519543991340700.png
1519544294	36	1.000000	0.000000	0.000000	2	img_0_0_1519544302113000.png
1519544604	38	1.000000	0.000000	0.000000	N	img_0_0_1519544612144200.png
1519544916	38	1.000000	0.000000	0.000000	N	img_0_0_1519544924292000.png
1519545227	39	1.000000	0.000000	0.000000	3	img_0_0_1519545236471700.png
1519545543	41	1.000000	0.000000	0.000000	3	img_0_0_1519545552760200.png
1519545864	42	1.000000	0.000000	0.000000	3	img_0_0_1519545874186800.png
1519546182	44	1.000000	0.000000	0.000000	3	img_0_0_1519546190288300.png
1519546497	45	1.000000	0.000000	0.000000	3	img_0_0_1519546505660800.png
1519546806	46	1.000000	0.000000	0.000000	3	img_0_0_1519546816135900.png
1519547135	47	1.000000	0.000000	0.000000	3	img_0_0_1519547142929200.png
1519547439	49	1.000000	0.000000	0.000000	3	img_0_0_1519547448112600.png
1519547747	50	1.000000	0.000000	0.000000	3	img_0_0_1519547755861400.png
1519548061	50	1.000000	0.000000	0.000000	N	img_0_0_1519548070045000.png
1519548374	50	1.000000	0.000000	0.000000	2	img_0_0_1519548382614800.png
1519548679	51	1.000000	0.000000	0.000000	2	img_0_0_1519548687539000.png
1519548985	52	1.000000	0.000000	0.000000	2	img_0_0_1519548993309900.png
1519549292	53	1.000000	0.000000	0.000000	2	img_0_0_1519549302699000.png
1519549597	54	1.000000	0.000000	0.000000	2	img_0_0_1519549605693100.png
1519549900	55	1.000000	0.000000	0.000000	2	img_0_0_1519549907921500.png
1519550205	56	1.000000	0.000000	0.000000	2	img_0_0_1519550213488900.png
1519550512	58	1.000000	0.000000	0.000000	2	img_0_0_1519550521925800.png
1519550815	59	1.000000	0.000000	0.000000	2	img_0_0_1519550823769500.png
1519551114	60	1.000000	0.000000	0.000000	N	img_0_0_1519551128389800.png
1519551713	61	1.000000	0.000000	0.000000	3	img_0_0_1519551720228200.png
1519552011	62	0.000000	0.000000	0.000000	3	img_0_0_1519552019449200.png
1519552328	63	0.000000	0.000000	0.000000	3	img_0_0_1519552337292600.png
1519552627	64	0.000000	0.000000	0.000000	3	img_0_0_1519552634236800.png
1519552918	64	0.000000	0.000000	0.000000	3	img_0_0_1519552927364200.png
1519553212	63	0.000000	0.000000	0.000000	3	img_0_0_1519553223612600.png
1519553510	63	0.000000	0.000000	0.000000	3	img_0_0_1519553519847400.png
1519553805	63	0.000000	0.000000	0.000000	3	img_0_0_1519553813725000.png
1519554096	63	-1.000000	0.000000	0.000000	R	img_0_0_1519554105511900.png
1519554386	60	-1.000000	0.000000	0.000000	R	img_0_0_1519554395502400.png
1519554674	57	0.000000	0.000000	0.000000	N	img_0_0_1519554686305600.png
1519554964	57	0.000000	0.000000	0.000000	N	img_0_0_1519554974412300.png
1519555251	56	0.000000	0.000000	0.000000	N	img_0_0_1519555260330400.png
1519555542	56	0.000000	0.000000	0.000000	N	img_0_0_1519555551528800.png
1519555830	56	0.000000	0.000000	0.000000	N	img_0_0_1519555839848500.png
1519556130	56	0.000000	0.000000	0.000000	N	img_0_0_1519556138933000.png
1519556412	56	-1.000000	0.000000	0.000000	R	img_0_0_1519556421843400.png
1519556692	54	-1.000000	0.000000	0.000000	R	img_0_0_1519556702280200.png
1519556971	51	-1.000000	0.000000	0.000000	R	img_0_0_1519556980745900.png
1519557248	48	-1.000000	1.000000	0.000000	R	img_0_0_1519557257383900.png
1519557542	45	-1.000000	1.000000	0.000000	R	img_0_0_1519557552906000.png
1519557815	42	-1.000000	1.000000	0.000000	R	img_0_0_1519557824239400.png
1519558095	39	-1.000000	1.000000	0.000000	R	img_0_0_1519558103840500.png
1519558372	35	0.000000	0.000000	0.000000	N	img_0_0_1519558381068400.png
1519558650	34	0.000000	1.000000	0.000000	N	img_0_0_1519558659805800.png
1519558922	34	0.000000	1.000000	0.000000	N	img_0_0_1519558931597700.png
1519559187	33	1.000000	1.000000	0.000000	N	img_0_0_1519559196705800.png
1519559440	33	1.000000	1.000000	0.000000	N	img_0_0_1519559451019000.png
1519559679	33	1.000000	1.000000	0.000000	N	img_0_0_1519559688835600.png
1519559913	32	1.000000	0.000000	0.000000	1	img_0_0_1519559922710300.png
1519560148	32	1.000000	1.000000	0.000000	1	img_0_0_1519560157099500.png
1519560373	32	1.000000	1.000000	0.000000	1	img_0_0_1519560381468500.png
1519560592	32	1.000000	1.000000	0.000000	1	img_0_0_1519560600645200.png
1519560791	31	1.000000	1.000000	0.000000	1	img_0_0_1519560801386900.png
1519560976	31	1.000000	1.000000	0.000000	1	img_0_0_1519560985761400.png
1519561166	30	1.000000	1.000000	0.000000	1	img_0_0_1519561176225100.png
1519561371	29	1.000000	0.000000	0.000000	1	img_0_0_1519561380952200.png
1519561604	28	1.000000	0.000000	0.000000	N	img_0_0_1519561613619200.png
1519561852	27	1.000000	-1.000000	0.000000	N	img_0_0_1519561859648000.png
1519562141	27	1.000000	-1.000000	0.000000	2	img_0_0_1519562149855000.png
1519562431	28	1.000000	0.000000	0.000000	2	img_0_0_1519562440003400.png
1519562745	29	1.000000	-1.000000	0.000000	2	img_0_0_1519562756112300.png
1519563038	31	1.000000	-1.000000	0.000000	2	img_0_0_1519563046006900.png
1519563324	33	0.000000	-1.000000	0.000000	2	img_0_0_1519563333093200.png
1519563607	34	-1.000000	-1.000000	0.000000	R	img_0_0_1519563616875000.png
1519563890	31	0.000000	-1.000000	0.000000	N	img_0_0_1519563902609600.png
1519564182	30	0.000000	-1.000000	0.000000	N	img_0_0_1519564191598300.png
1519564469	30	0.000000	0.000000	0.000000	N	img_0_0_1519564478677200.png
1519564752	29	0.000000	0.000000	0.000000	N	img_0_0_1519564761659700.png
1519565025	29	0.000000	-1.000000	0.000000	N	img_0_0_1519565034670400.png
1519565262	29	0.000000	-1.000000	0.000000	1	img_0_0_1519565271773300.png
1519565500	29	0.000000	0.000000	0.000000	1	img_0_0_1519565508827400.png
1519565733	29	0.000000	0.000000	0.000000	1	img_0_0_1519565742624300.png
1519565954	28	0.000000	0.000000	0.000000	1	img_0_0_1519565963692700.png
1519566176	28	0.000000	0.000000	0.000000	1	img_0_0_1519566186137300.png
1519566395	27	0.000000	1.000000	0.000000	1	img_0_0_1519566404996900.png
1519566608	26	0.000000	1.000000	0.000000	1	img_0_0_1519566617122800.png
1519566823	26	0.000000	0.000000	0.000000	1	img_0_0_1519566834254800.png
1519567043	25	0.000000	0.000000	0.000000	1	img_0_0_1519567052062900.png
1519567261	25	0.000000	0.000000	0.000000	1	img_0_0_1519567271287900.png
1519567483	24	0.000000	0.000000	0.000000	1	img_0_0_1519567492129100.png
1519567705	24	0.000000	0.000000	0.000000	1	img_0_0_1519567714738600.png
1519567934	23	0.000000	0.000000	0.000000	1	img_0_0_1519567945459700.png
1519568167	23	0.000000	0.000000	0.000000	1	img_0_0_1519568176475000.png
1519568386	23	0.000000	0.000000	0.000000	1	img_0_0_1519568397219700.png
1519568608	22	1.000000	0.000000	0.000000	1	img_0_0_1519568619403200.png
1519568827	22	1.000000	0.000000	0.000000	1	img_0_0_1519568836313500.png
1519569046	22	1.000000	0.000000	0.000000	1	img_0_0_1519569054413500.png
1519569264	23	1.000000	0.000000	0.000000	1	img_0_0_1519569273744100.png
1519569476	25	1.000000	0.000000	0.000000	N	img_0_0_1519569484895600.png
1519569693	25	1.000000	0.000000	0.000000	N	img_0_0_1519569702562000.png
1519569908	25	1.000000	0.000000	0.000000	2	img_0_0_1519569917423700.png
1519570137	27	1.000000	1.000000	0.000000	2	img_0_0_1519570145288600.png
1519570349	29	1.000000	0.000000	0.000000	2	img_0_0_1519570358299700.png
1519570565	31	1.000000	0.000000	0.000000	2	img_0_0_1519570575019200.png
1519570779	32	1.000000	0.000000	0.000000	2	img_0_0_1519570788132500.png
1519570993	33	1.000000	0.000000	0.000000	2	img_0_0_1519571004322600.png
1519571210	33	1.000000	0.000000	0.000000	2	img_0_0_1519571219038700.png
1519571422	35	1.000000	0.000000	0.000000	2	img_0_0_1519571430646400.png
1519571638	37	1.000000	0.000000	0.000000	2	img_0_0_1519571647833900.png
1519571850	37	1.000000	0.000000	0.000000	N	img_0_0_1519571858011800.png
1519572058	38	1.000000	0.000000	0.000000	3	img_0_0_1519572071169500.png
1519572273	39	1.000000	1.000000	0.000000	3	img_0_0_1519572283916300.png
1519572481	41	1.000000	0.000000	0.000000	3	img_0_0_1519572489996600.png
1519572689	42	1.000000	0.000000	0.000000	3	img_0_0_1519572701561300.png
1519572896	43	1.000000	0.000000	0.000000	3	img_0_0_1519572904768400.png
1519573109	44	1.000000	0.000000	0.000000	3	img_0_0_1519573120917000.png
1519573325	46	1.000000	0.000000	0.000000	3	img_0_0_1519573333033800.png
1519573529	47	1.000000	0.000000	0.000000	3	img_0_0_1519573538059400.png
1519573736	48	1.000000	0.000000	0.000000	3	img_0_0_1519573746274600.png
1519573942	49	1.000000	0.000000	0.000000	N	img_0_0_1519573951079400.png
1519574146	49	1.000000	0.000000	0.000000	2	img_0_0_1519574156062100.png
1519574361	49	1.000000	0.000000	0.000000	2	img_0_0_1519574372375900.png
1519574575	50	1.000000	0.000000	0.000000	2	img_0_0_1519574588365400.png
1519574798	52	1.000000	0.000000	0.000000	2	img_0_0_1519574808603500.png
1519575013	53	1.000000	0.000000	0.000000	2	img_0_0_1519575021954700.png
1519575213	54	1.000000	0.000000	0.000000	2	img_0_0_1519575224552000.png
1519575426	56	1.000000	0.000000	0.000000	2	img_0_0_1519575436867100.png
1519575629	57	1.000000	0.000000	0.000000	2	img_0_0_1519575639151400.png
1519575828	58	1.000000	0.000000	0.000000	2	img_0_0_1519575838051400.png
1519576039	59	1.000000	0.000000	0.000000	N	img_0_0_1519576049439200.png
1519576244	59	1.000000	0.000000	0.000000	3	img_0_0_1519576253728900.png
1519576442	60	1.000000	0.000000	0.000000	3	img_0_0_1519576451177300.png
1519576635	61	1.000000	0.000000	0.000000	3	img_0_0_1519576644974100.png
1519576836	62	1.000000	0.000000	0.000000	3	img_0_0_1519576849015600.png
1519577055	62	1.000000	0.000000	0.000000	3	img_0_0_1519577064547900.png
1519577243	64	1.000000	0.000000	0.000000	3	img_0_0_1519577253184200.png
1519577432	65	1.000000	0.000000	0.000000	3	img_0_0_1519577441146200.png
1519577621	66	1.000000	0.000000	0.000000	3	img_0_0_1519577629122400.png
1519577807	67	1.000000	0.000000	0.000000	3	img_0_0_1519577817270300.png
1519578011	68	1.000000	0.000000	0.000000	3	img_0_0_1519578020173200.png
1519578213	70	1.000000	0.000000	0.000000	3	img_0_0_1519578223106100.png
1519578417	71	1.000000	0.000000	0.000000	3	img_0_0_1519578428229200.png
1519578610	72	0.000000	0.000000	0.000000	3	img_0_0_1519578621773600.png
1519578816	72	0.000000	0.000000	0.000000	3	img_0_0_1519578826522100.png
1519578996	73	0.000000	0.000000	0.000000	N	img_0_0_1519579004497600.png
1519579183	73	0.000000	0.000000	0.000000	N	img_0_0_1519579192284100.png
1519579370	72	0.000000	0.000000	0.000000	2	img_0_0_1519579381824600.png
1519579561	72	0.000000	0.000000	0.000000	2	img_0_0_1519579570775600.png
1519579741	71	-1.000000	0.000000	0.000000	R	img_0_0_1519579750519800.png
1519579916	69	-1.000000	0.000000	0.000000	R	img_0_0_1519579925159200.png
1519580091	66	-1.000000	0.000000	0.000000	R	img_0_0_1519580100354700.png
1519580264	63	-1.000000	0.000000	0.000000	R	img_0_0_1519580273335400.png
1519580435	60	-1.000000	0.000000	0.000000	R	img_0_0_1519580445594900.png
1519580611	57	-1.000000	0.000000	0.000000	R	img_0_0_1519580620630400.png
1519580779	53	-1.000000	0.000000	0.000000	R	img_0_0_1519580791185900.png
1519580946	50	-1.000000	0.000000	0.000000	R	img_0_0_1519580955256100.png
1519581111	47	-1.000000	1.000000	0.000000	R	img_0_0_1519581120252500.png
1519581273	43	-1.000000	0.000000	0.000000	R	img_0_0_1519581281744200.png
1519581431	39	-1.000000	0.000000	0.000000	R	img_0_0_1519581440407000.png
1519581590	36	0.000000	0.000000	0.000000	N	img_0_0_1519581599235700.png
1519581747	35	-1.000000	1.000000	0.000000	R	img_0_0_1519581755597100.png
1519581901	32	-1.000000	1.000000	0.000000	R	img_0_0_1519581909650000.png
1519582059	27	-1.000000	1.000000	0.000000	R	img_0_0_1519582068863900.png
1519582220	23	0.000000	0.000000	0.000000	N	img_0_0_1519582229345400.png
1519582383	23	0.000000	1.000000	0.000000	N	img_0_0_1519582392512700.png
1519582555	23	1.000000	1.000000	0.000000	N	img_0_0_1519582566305100.png
1519582735	22	1.000000	1.000000	0.000000	N	img_0_0_1519582743735700.png
1519582917	22	1.000000	1.000000	0.000000	N	img_0_0_1519582926543300.png
1519583115	22	1.000000	1.000000	0.000000	N	img_0_0_1519583124650200.png
1519583322	21	1.000000	0.000000	0.000000	N	img_0_0_1519583331025800.png
1519583531	22	1.000000	1.000000	0.000000	1	img_0_0_1519583540488100.png
1519583770	22	1.000000	0.000000	0.000000	1	img_0_0_1519583780335300.png
1519584014	24	1.000000	0.000000	0.000000	1	img_0_0_1519584024153600.png
1519584258	26	1.000000	0.000000	0.000000	1	img_0_0_1519584268286800.png
1519584503	28	1.000000	0.000000	0.000000	1	img_0_0_1519584512675600.png
1519584751	29	1.000000	1.000000	0.000000	1	img_0_0_1519584759699800.png
1519584997	31	1.000000	0.000000	0.000000	1	img_0_0_1519585006828700.png
1519585242	32	1.000000	1.000000	0.000000	1	img_0_0_1519585252480400.png
1519585488	32	1.000000	1.000000	0.000000	1	img_0_0_1519585498263800.png
1519585744	32	1.000000	1.000000	0.000000	N	img_0_0_1519585754652100.png
1519585992	33	0.000000	1.000000	0.000000	2	img_0_0_1519586000916900.png
1519586236	34	0.000000	1.000000	0.000000	2	img_0_0_1519586246371700.png
1519586483	35	0.000000	1.000000	0.000000	2	img_0_0_1519586495311800.png
1519586749	34	1.000000	0.000000	0.000000	2	img_0_0_1519586758169700.png
1519586995	34	1.000000	0.000000	0.000000	2	img_0_0_1519587003558700.png
1519587235	34	1.000000	0.000000	0.000000	2	img_0_0_1519587244638700.png
1519587444	34	1.000000	0.000000	0.000000	2	img_0_0_1519587452546400.png
1519587620	34	1.000000	0.000000	0.000000	2	img_0_0_1519587629534400.png
1519587784	36	1.000000	0.000000	0.000000	2	img_0_0_1519587794088100.png
1519587942	38	1.000000	0.000000	0.000000	2	img_0_0_1519587951013200.png
1519588097	39	1.000000	0.000000	0.000000	2	img_0_0_1519588107347700.png
1519588254	41	1.000000	0.000000	0.000000	2	img_0_0_1519588263261000.png
1519588405	42	1.000000	1.000000	0.000000	2	img_0_0_1519588413880600.png
1519588554	44	1.000000	0.000000	0.000000	2	img_0_0_1519588563161300.png
1519588700	45	1.000000	0.000000	0.000000	2	img_0_0_1519588709536600.png
1519588860	46	1.000000	0.000000	0.000000	2	img_0_0_1519588871248200.png
1519589030	47	1.000000	0.000000	0.000000	N	img_0_0_1519589042007000.png
1519589172	47	1.000000	0.000000	0.000000	3	img_0_0_1519589181572100.png
1519589312	48	1.000000	0.000000	0.000000	3	img_0_0_1519589321413600.png
1519589450	50	1.000000	0.000000	0.000000	3	img_0_0_1519589459531100.png
1519589589	50	1.000000	0.000000	0.000000	3	img_0_0_1519589598260600.png
1519589732	51	1.000000	0.000000	0.000000	3	img_0_0_1519589743537400.png
1519589876	52	1.000000	0.000000	0.000000	3	img_0_0_1519589886902000.png
1519590016	54	1.000000	1.000000	0.000000	3	img_0_0_1519590026476600.png
1519590153	55	1.000000	0.000000	0.000000	3	img_0_0_1519590161692900.png
1519590285	56	1.000000	0.000000	0.000000	3	img_0_0_1519590293888500.png
1519590415	57	1.000000	0.000000	0.000000	3	img_0_0_1519590424222900.png
1519590542	58	1.000000	0.000000	0.000000	3	img_0_0_1519590551168900.png
1519590668	59	1.000000	0.000000	0.000000	3	img_0_0_1519590676009800.png
1519590793	61	1.000000	0.000000	0.000000	3	img_0_0_1519590801683100.png
1519590923	62	1.000000	0.000000	0.000000	3	img_0_0_1519590933204100.png
1519591051	63	1.000000	0.000000	0.000000	3	img_0_0_1519591060343800.png
1519591175	64	0.000000	0.000000	0.000000	3	img_0_0_1519591183417000.png
1519591296	65	0.000000	0.000000	0.000000	3	img_0_0_1519591304549600.png
1519591419	65	0.000000	0.000000	0.000000	N	img_0_0_1519591427823100.png
1519591540	65	0.000000	0.000000	0.000000	2	img_0_0_1519591549037600.png
1519591662	65	0.000000	0.000000	0.000000	2	img_0_0_1519591670726700.png
1519591783	64	-1.000000	0.000000	0.000000	R	img_0_0_1519591791284100.png
1519591902	61	-1.000000	0.000000	0.000000	R	img_0_0_1519591910870300.png
1519592025	59	-1.000000	0.000000	0.000000	R	img_0_0_1519592034400900.png
1519592146	56	-1.000000	0.000000	0.000000	R	img_0_0_1519592153856000.png
1519592264	53	-1.000000	0.000000	0.000000	R	img_0_0_1519592272626800.png
1519592382	50	-1.000000	0.000000	0.000000	R	img_0_0_1519592391287700.png
1519592500	46	-1.000000	0.000000	0.000000	R	img_0_0_1519592510034100.png
1519592619	43	-1.000000	0.000000	0.000000	R	img_0_0_1519592629355000.png
1519592734	40	-1.000000	0.000000	0.000000	R	img_0_0_1519592741888200.png
1519592847	36	-1.000000	0.000000	0.000000	R	img_0_0_1519592856812800.png
1519592962	33	0.000000	0.000000	0.000000	N	img_0_0_1519592970214000.png
1519593079	32	0.000000	0.000000	0.000000	N	img_0_0_1519593086960700.png
1519593196	32	0.000000	0.000000	0.000000	N	img_0_0_1519593204700100.png
1519593312	32	0.000000	0.000000	0.000000	N	img_0_0_1519593320027400.png
1519593425	32	0.000000	0.000000	0.000000	N	img_0_0_1519593432561700.png
1519593538	32	0.000000	0.000000	0.000000	N	img_0_0_1519593545629100.png
1519593650	32	0.000000	0.000000	0.000000	N	img_0_0_1519593658470800.png
1519593764	32	-1.000000	0.000000	0.000000	R	img_0_0_1519593771647300.png
1519593877	32	-1.000000	0.000000	0.000000	R	img_0_0_1519593885427500.png
1519593989	29	-1.000000	0.000000	0.000000	R	img_0_0_1519593997539600.png
1519594109	26	-1.000000	0.000000	0.000000	R	img_0_0_1519594117228700.png
1519594224	23	-1.000000	0.000000	0.000000	R	img_0_0_1519594232790900.png
1519594344	20	-1.000000	0.000000	0.000000	R	img_0_0_1519594352351000.png
1519594455	16	0.000000	0.000000	0.000000	N	img_0_0_1519594462676200.png
1519594563	16	0.000000	0.000000	0.000000	N	img_0_0_1519594571137900.png
1519594673	16	0.000000	0.000000	0.000000	N	img_0_0_1519594680776400.png
1519594783	16	0.000000	0.000000	0.000000	N	img_0_0_1519594790839100.png
1519594892	16	0.000000	0.000000	0.000000	N	img_0_0_1519594901023800.png
1519595003	16	0.000000	0.000000	0.000000	N	img_0_0_1519595010229300.png
1519595115	16	1.000000	0.000000	0.000000	N	img_0_0_1519595123260600.png
1519595225	16	1.000000	0.000000	0.000000	N	img_0_0_1519595233348300.png
1519595335	16	1.000000	1.000000	0.000000	N	img_0_0_1519595342784400.png
1519595444	16	1.000000	1.000000	0.000000	N	img_0_0_1519595452060700.png
1519595552	16	1.000000	0.000000	0.000000	N	img_0_0_1519595560889700.png
1519595662	16	1.000000	0.000000	0.000000	N	img_0_0_1519595669755800.png
1519595771	18	1.000000	0.000000	0.000000	1	img_0_0_1519595779593200.png
1519595875	20	1.000000	0.000000	0.000000	1	img_0_0_1519595884161900.png
1519595979	22	1.000000	1.000000	0.000000	1	img_0_0_1519595986992200.png
1519596084	24	0.000000	1.000000	0.000000	1	img_0_0_1519596092654100.png
1519596188	25	0.000000	1.000000	0.000000	1	img_0_0_1519596195927000.png
1519596285	26	0.000000	1.000000	0.000000	1	img_0_0_1519596292653700.png
1519596377	27	0.000000	1.000000	0.000000	1	img_0_0_1519596385163700.png
1519596464	26	0.000000	1.000000	0.000000	1	img_0_0_1519596472494200.png
1519596548	26	0.000000	1.000000	0.000000	1	img_0_0_1519596557142400.png
1519596630	26	0.000000	1.000000	0.000000	1	img_0_0_1519596638776100.png
1519596707	25	0.000000	1.000000	0.000000	1	img_0_0_1519596715243100.png
1519596780	24	0.000000	1.000000	0.000000	1	img_0_0_1519596788879500.png
1519596849	23	0.000000	1.000000	0.000000	1	img_0_0_1519596857902500.png
1519596913	22	0.000000	1.000000	0.000000	1	img_0_0_1519596922562400.png
1519596973	21	0.000000	0.000000	0.000000	1	img_0_0_1519596983607100.png
1519597030	20	1.000000	0.000000	0.000000	1	img_0_0_1519597042087500.png
1519597087	20	1.000000	0.000000	0.000000	1	img_0_0_1519597098421300.png
1519597139	20	1.000000	0.000000	0.000000	1	img_0_0_1519597152222700.png
1519597192	21	1.000000	0.000000	0.000000	1	img_0_0_1519597204401600.png
1519597242	21	1.000000	0.000000	0.000000	1	img_0_0_1519597255473200.png
1519597337	22	1.000000	0.000000	0.000000	N	img_0_0_1519597346729300.png
1519597383	22	1.000000	0.000000	0.000000	N	img_0_0_1519597396838400.png
1519597477	22	1.000000	0.000000	0.000000	2	img_0_0_1519597487792100.png
1519597570	23	1.000000	0.000000	0.000000	2	img_0_0_1519597579494400.png
1519597670	24	1.000000	0.000000	0.000000	2	img_0_0_1519597674795800.png
1519597716	25	1.000000	0.000000	0.000000	2	img_0_0_1519597727409800.png
1519597813	27	1.000000	0.000000	0.000000	2	img_0_0_1519597823164400.png
1519597906	29	1.000000	0.000000	0.000000	2	img_0_0_1519597915571900.png
1519597998	31	1.000000	1.000000	0.000000	2	img_0_0_1519598007838400.png
1519598090	32	1.000000	0.000000	0.000000	2	img_0_0_1519598099047400.png
1519598137	33	1.000000	0.000000	0.000000	2	img_0_0_1519598149748800.png
1519598238	34	1.000000	0.000000	0.000000	2	img_0_0_1519598253026700.png
1519598348	34	1.000000	0.000000	0.000000	N	img_0_0_1519598361013700.png
1519598461	34	1.000000	0.000000	0.000000	N	img_0_0_1519598471440900.png
1519598519	34	1.000000	0.000000	0.000000	3	img_0_0_1519598532500800.png
1519598634	35	1.000000	0.000000	0.000000	3	img_0_0_1519598644772400.png
1519598694	37	1.000000	0.000000	0.000000	3	img_0_0_1519598705778400.png
1519598817	39	1.000000	0.000000	0.000000	3	img_0_0_1519598821233900.png
1519598870	40	1.000000	0.000000	0.000000	3	img_0_0_1519598881336500.png
1519598928	40	1.000000	0.000000	0.000000	3	img_0_0_1519598941573200.png
1519599043	42	1.000000	1.000000	0.000000	3	img_0_0_1519599056404600.png
1519599156	43	1.000000	0.000000	0.000000	3	img_0_0_1519599169398100.png
1519599278	45	1.000000	0.000000	0.000000	3	img_0_0_1519599287765500.png
1519599349	45	1.000000	0.000000	0.000000	3	img_0_0_1519599363667500.png
1519599418	46	1.000000	0.000000	0.000000	N	img_0_0_1519599431482000.png
1519599487	46	1.000000	0.000000	0.000000	N	img_0_0_1519599499363500.png
1519599556	46	1.000000	0.000000	0.000000	2	img_0_0_1519599566181300.png
1519599619	47	1.000000	0.000000	0.000000	2	img_0_0_1519599632677500.png
1519599743	48	1.000000	0.000000	0.000000	2	img_0_0_1519599756634400.png
1519599870	50	1.000000	0.000000	0.000000	2	img_0_0_1519599880526100.png
1519599933	51	1.000000	0.000000	0.000000	2	img_0_0_1519599942607800.png
1519599993	51	1.000000	0.000000	0.000000	2	img_0_0_1519600006841600.png
1519600120	53	1.000000	0.000000	0.000000	2	img_0_0_1519600124985500.png
1519600175	53	1.000000	0.000000	0.000000	2	img_0_0_1519600188143700.png
1519600289	55	1.000000	1.000000	0.000000	2	img_0_0_1519600299841100.png
1519600348	55	1.000000	0.000000	0.000000	2	img_0_0_1519600358390300.png
1519600406	56	1.000000	0.000000	0.000000	N	img_0_0_1519600419669500.png
1519600518	56	1.000000	0.000000	0.000000	N	img_0_0_1519600528967600.png
1519600576	56	1.000000	0.000000	0.000000	3	img_0_0_1519600588926900.png
1519600689	58	1.000000	0.000000	0.000000	3	img_0_0_1519600702944900.png
1519600799	59	1.000000	0.000000	0.000000	3	img_0_0_1519600812813600.png
1519600908	60	1.000000	0.000000	0.000000	3	img_0_0_1519600917764000.png
1519601018	62	1.000000	0.000000	0.000000	3	img_0_0_1519601022077200.png
1519601067	62	1.000000	0.000000	0.000000	3	img_0_0_1519601078815700.png
1519601120	63	1.000000	0.000000	0.000000	3	img_0_0_1519601131056600.png
1519601173	63	1.000000	0.000000	0.000000	3	img_0_0_1519601183769100.png
1519601225	64	1.000000	0.000000	0.000000	3	img_0_0_1519601236123900.png
1519601276	65	1.000000	0.000000	0.000000	3	img_0_0_1519601289728900.png
1519601376	66	1.000000	0.000000	0.000000	3	img_0_0_1519601389628600.png
1519601474	66	1.000000	0.000000	0.000000	N	img_0_0_1519601484394600.png
1519601567	66	1.000000	0.000000	0.000000	N	img_0_0_1519601577108200.png
1519601659	67	1.000000	0.000000	0.000000	4	img_0_0_1519601666514800.png
1519601704	67	1.000000	0.000000	0.000000	4	img_0_0_1519601713722600.png
1519601795	68	1.000000	0.000000	0.000000	4	img_0_0_1519601801325000.png
1519601840	68	1.000000	0.000000	0.000000	4	img_0_0_1519601850297500.png
1519601931	69	1.000000	0.000000	0.000000	4	img_0_0_1519601935985100.png
1519601977	69	1.000000	0.000000	0.000000	4	img_0_0_1519601982376800.png
1519602068	70	1.000000	0.000000	0.000000	4	img_0_0_1519602067169000.png
1519602113	71	1.000000	0.000000	0.000000	4	img_0_0_1519602113565800.png
1519602159	71	1.000000	0.000000	0.000000	4	img_0_0_1519602159125900.png
1519602204	71	1.000000	0.000000	0.000000	4	img_0_0_1519602239719200.png
1519602250	72	1.000000	0.000000	0.000000	4	img_0_0_1519602285569800.png
1519602295	72	1.000000	0.000000	0.000000	4	img_0_0_1519602329487500.png
1519602340	73	1.000000	0.000000	0.000000	4	img_0_0_1519602374980200.png
1519602386	73	1.000000	0.000000	0.000000	4	img_0_0_1519602420569500.png
1519602431	73	1.000000	0.000000	0.000000	4	img_0_0_1519602466157800.png
1519602522	74	1.000000	0.000000	0.000000	N	img_0_0_1519602543554600.png
1519602568	74	1.000000	0.000000	0.000000	N	img_0_0_1519602585870000.png
1519602613	74	1.000000	0.000000	0.000000	N	img_0_0_1519602627672400.png
1519602658	74	1.000000	0.000000	0.000000	3	img_0_0_1519602668974100.png
1519602704	74	1.000000	0.000000	0.000000	3	img_0_0_1519602713977700.png
1519602749	74	1.000000	0.000000	0.000000	3	img_0_0_1519602758515800.png
1519602795	75	1.000000	0.000000	0.000000	3	img_0_0_1519602803295100.png
1519602840	75	1.000000	0.000000	0.000000	3	img_0_0_1519602852624100.png
1519602931	76	1.000000	0.000000	0.000000	3	img_0_0_1519602940512900.png
1519602977	76	1.000000	0.000000	0.000000	3	img_0_0_1519602988329100.png
1519603022	77	1.000000	0.000000	0.000000	3	img_0_0_1519603035182600.png
1519603068	77	1.000000	0.000000	0.000000	3	img_0_0_1519603077494800.png
1519603113	78	0.000000	0.000000	0.000000	3	img_0_0_1519603119490700.png
1519603159	78	0.000000	0.000000	0.000000	3	img_0_0_1519603166099300.png
1519603204	79	0.000000	0.000000	0.000000	3	img_0_0_1519603209728100.png
1519603250	79	0.000000	0.000000	0.000000	3	img_0_0_1519603256104500.png
1519603296	79	0.000000	0.000000	0.000000	3	img_0_0_1519603310009900.png
1519603341	79	0.000000	0.000000	0.000000	3	img_0_0_1519603355372200.png
1519603431	78	0.000000	0.000000	0.000000	3	img_0_0_1519603435841200.png
1519603477	78	0.000000	0.000000	0.000000	3	img_0_0_1519603483527900.png
1519603522	78	-1.000000	0.000000	0.000000	R	img_0_0_1519603528225400.png
1519603568	78	-1.000000	0.000000	0.000000	R	img_0_0_1519603571904400.png
1519603613	78	-1.000000	0.000000	0.000000	R	img_0_0_1519603619925800.png
1519603659	76	-1.000000	0.000000	0.000000	R	img_0_0_1519603663544900.png
1519603704	74	-1.000000	0.000000	0.000000	R	img_0_0_1519603707401000.png
1519603749	73	-1.000000	0.000000	0.000000	R	img_0_0_1519603753718500.png
1519603795	71	-1.000000	0.000000	0.000000	R	img_0_0_1519603802441000.png
1519603840	70	-1.000000	0.000000	0.000000	R	img_0_0_1519603852550000.png
1519603931	66	-1.000000	0.000000	0.000000	R	img_0_0_1519603933589500.png
1519603977	65	-1.000000	0.000000	0.000000	R	img_0_0_1519603979476000.png
1519604022	63	-1.000000	0.000000	0.000000	R	img_0_0_1519604025590900.png
1519604068	61	-1.000000	0.000000	0.000000	R	img_0_0_1519604071131900.png
1519604113	60	-1.000000	0.000000	0.000000	R	img_0_0_1519604116143000.png
1519604158	58	-1.000000	0.000000	0.000000	R	img_0_0_1519604161511500.png
1519604204	56	-1.000000	0.000000	0.000000	R	img_0_0_1519604206920200.png
1519604249	55	-1.000000	0.000000	0.000000	R	img_0_0_1519604252609400.png
1519604295	53	-1.000000	0.000000	0.000000	R	img_0_0_1519604302420700.png
1519604340	51	-1.000000	0.000000	0.000000	R	img_0_0_1519604352413300.png
1519604431	48	-1.000000	0.000000	0.000000	R	img_0_0_1519604433088100.png
1519604477	46	-1.000000	0.000000	0.000000	R	img_0_0_1519604479043700.png
1519604522	45	-1.000000	0.000000	0.000000	R	img_0_0_1519604525822300.png
1519604568	43	0.000000	0.000000	0.000000	N	img_0_0_1519604574006700.png
1519604613	42	0.000000	0.000000	0.000000	N	img_0_0_1519604620521200.png
1519604658	42	0.000000	0.000000	0.000000	N	img_0_0_1519604663595200.png
1519604704	42	0.000000	1.000000	0.000000	N	img_0_0_1519604708711900.png
1519604749	42	0.000000	1.000000	0.000000	N	img_0_0_1519604754979500.png
1519604795	42	0.000000	1.000000	0.000000	N	img_0_0_1519604802551800.png
1519604840	42	0.000000	1.000000	0.000000	N	img_0_0_1519604852689200.png
1519604931	41	0.000000	1.000000	0.000000	N	img_0_0_1519604932740600.png
1519604977	41	0.000000	0.000000	0.000000	N	img_0_0_1519604979262600.png
1519605022	41	0.000000	0.000000	0.000000	N	img_0_0_1519605025820000.png
1519605067	41	0.000000	0.000000	0.000000	N	img_0_0_1519605072423300.png
1519605113	41	0.000000	0.000000	0.000000	N	img_0_0_1519605119468800.png
1519605158	41	0.000000	0.000000	0.000000	N	img_0_0_1519605166798200.png
1519605204	41	0.000000	-1.000000	0.000000	N	img_0_0_1519605213815500.png
1519605249	40	0.000000	-1.000000	0.000000	N	img_0_0_1519605260309900.png
1519605295	40	0.000000	-1.000000	0.000000	N	img_0_0_1519605305688400.png
1519605340	40	0.000000	-1.000000	0.000000	N	img_0_0_1519605352389200.png
1519605431	40	0.000000	0.000000	0.000000	N	img_0_0_1519605437619500.png
1519605477	40	0.000000	0.000000	0.000000	N	img_0_0_1519605481805400.png
1519605522	40	0.000000	0.000000	0.000000	N	img_0_0_1519605525546800.png
1519605568	40	-1.000000	0.000000	0.000000	R	img_0_0_1519605571546200.png
1519605613	38	-1.000000	0.000000	0.000000	R	img_0_0_1519605617112500.png
1519605658	37	-1.000000	0.000000	0.000000	R	img_0_0_1519605661411900.png
1519605704	36	-1.000000	1.000000	0.000000	R	img_0_0_1519605706343000.png
1519605749	34	-1.000000	1.000000	0.000000	R	img_0_0_1519605752374600.png
1519605795	33	-1.000000	1.000000	0.000000	R	img_0_0_1519605802416000.png
1519605840	32	-1.000000	1.000000	0.000000	R	img_0_0_1519605852676200.png
1519605931	29	0.000000	1.000000	0.000000	N	img_0_0_1519605935147800.png
1519605977	29	0.000000	1.000000	0.000000	N	img_0_0_1519605978703000.png
1519606022	28	0.000000	1.000000	0.000000	N	img_0_0_1519606025716700.png
1519606067	28	0.000000	1.000000	0.000000	N	img_0_0_1519606076293300.png
1519606113	27	0.000000	1.000000	0.000000	N	img_0_0_1519606127281100.png
1519606158	27	0.000000	1.000000	0.000000	N	img_0_0_1519606182404600.png
1519606250	26	0.000000	1.000000	0.000000	N	img_0_0_1519606253871000.png
1519606337	25	0.000000	1.000000	0.000000	N	img_0_0_1519606349905200.png
1519606446	23	0.000000	1.000000	0.000000	N	img_0_0_1519606458502100.png
1519606592	23	1.000000	0.000000	0.000000	N	img_0_0_1519606602551100.png
1519606766	22	1.000000	0.000000	0.000000	N	img_0_0_1519606773922200.png
1519606963	22	1.000000	1.000000	0.000000	N	img_0_0_1519606971743200.png
1519607181	22	1.000000	1.000000	0.000000	N	img_0_0_1519607189906800.png
1519607412	20	1.000000	0.000000	0.000000	N	img_0_0_1519607420758200.png
1519607659	19	1.000000	1.000000	0.000000	N	img_0_0_1519607668124400.png
1519607931	19	1.000000	1.000000	0.000000	1	img_0_0_1519607940448500.png
1519608214	19	1.000000	0.000000	0.000000	1	img_0_0_1519608224355100.png
1519608513	21	1.000000	0.000000	0.000000	1	img_0_0_1519608521293400.png
1519608831	23	1.000000	0.000000	0.000000	1	img_0_0_1519608839019100.png
1519609148	25	1.000000	-1.000000	0.000000	1	img_0_0_1519609155931000.png
1519609458	27	0.000000	-1.000000	0.000000	1	img_0_0_1519609466087100.png
1519609765	3	0.000000	-1.000000	0.000000	1	img_0_0_1519609774819200.png
1519610093	1	0.000000	-1.000000	0.000000	1	img_0_0_1519610100651200.png
1519610380	1	0.000000	-1.000000	0.000000	1	img_0_0_1519610387414400.png
1519610658	1	0.000000	-1.000000	0.000000	1	img_0_0_1519610666370800.png
1519610922	1	0.000000	-1.000000	0.000000	1	img_0_0_1519610930287200.png
1519611173	1	-1.000000	-1.000000	0.000000	R	img_0_0_1519611181769200.png
1519611419	0	-1.000000	1.000000	0.000000	R	img_0_0_1519611427501300.png
1519611666	0	-1.000000	1.000000	0.000000	R	img_0_0_1519611675056300.png
1519611911	2	-1.000000	1.000000	0.000000	R	img_0_0_1519611919766200.png
1519612152	4	-1.000000	1.000000	0.000000	R	img_0_0_1519612160545900.png
1519612394	7	-1.000000	1.000000	0.000000	R	img_0_0_1519612402826500.png
1519612635	9	-1.000000	1.000000	0.000000	R	img_0_0_1519612643138600.png
1519612885	11	-1.000000	1.000000	0.000000	R	img_0_0_1519612892599700.png
1519613142	14	0.000000	1.000000	0.000000	N	img_0_0_1519613149790900.png
1519613398	14	1.000000	-1.000000	0.000000	N	img_0_0_1519613405550700.png
1519613665	12	1.000000	-1.000000	0.000000	1	img_0_0_1519613672131700.png
1519613944	9	1.000000	-1.000000	0.000000	1	img_0_0_1519613952771400.png
1519614228	6	1.000000	-1.000000	0.000000	1	img_0_0_1519614235591000.png
1519614513	3	1.000000	-1.000000	0.000000	1	img_0_0_1519614521013300.png
1519614798	0	1.000000	-1.000000	0.000000	1	img_0_0_1519614807316700.png
1519615089	0	1.000000	-1.000000	0.000000	1	img_0_0_1519615098099300.png
1519615380	0	1.000000	-1.000000	0.000000	1	img_0_0_1519615388677900.png
1519615663	0	1.000000	-1.000000	0.000000	1	img_0_0_1519615670966500.png
1519615948	2	1.000000	-1.000000	0.000000	1	img_0_0_1519615957045400.png
1519616240	3	1.000000	-1.000000	0.000000	N	img_0_0_1519616249852000.png
1519616527	4	1.000000	-1.000000	0.000000	2	img_0_0_1519616534941600.png
1519616821	6	1.000000	-1.000000	0.000000	2	img_0_0_1519616830410100.png
1519617134	8	1.000000	0.000000	0.000000	2	img_0_0_1519617142395600.png
1519617445	9	1.000000	-1.000000	0.000000	2	img_0_0_1519617452658600.png
1519617760	11	1.000000	0.000000	0.000000	2	img_0_0_1519617768181100.png
1519618084	13	1.000000	0.000000	0.000000	2	img_0_0_1519618092438900.png
1519618402	16	1.000000	0.000000	0.000000	2	img_0_0_1519618412136900.png
1519618722	18	0.000000	0.000000	0.000000	2	img_0_0_1519618731003200.png
1519619030	20	0.000000	1.000000	0.000000	2	img_0_0_1519619038398600.png
1519619324	20	1.000000	1.000000	0.000000	N	img_0_0_1519619333122000.png
1519619611	20	1.000000	0.000000	0.000000	1	img_0_0_1519619619548600.png
1519619895	21	1.000000	1.000000	0.000000	1	img_0_0_1519619906572400.png
1519620188	22	1.000000	1.000000	0.000000	1	img_0_0_1519620198508600.png
1519620492	24	1.000000	0.000000	0.000000	1	img_0_0_1519620502401100.png
1519620790	24	1.000000	1.000000	0.000000	1	img_0_0_1519620800894700.png
1519621092	26	1.000000	0.000000	0.000000	1	img_0_0_1519621101260300.png
1519621403	28	1.000000	0.000000	0.000000	1	img_0_0_1519621411324600.png
1519621714	30	1.000000	0.000000	0.000000	1	img_0_0_1519621722998000.png
1519622023	32	1.000000	0.000000	0.000000	1	img_0_0_1519622031891000.png
1519622329	33	1.000000	1.000000	0.000000	N	img_0_0_1519622338138200.png
1519622634	33	1.000000	0.000000	0.000000	N	img_0_0_1519622643001000.png
1519622945	33	1.000000	0.000000	0.000000	2	img_0_0_1519622955798900.png
1519623252	35	1.000000	0.000000	0.000000	2	img_0_0_1519623260921500.png
1519623565	37	1.000000	0.000000	0.000000	2	img_0_0_1519623573829500.png
1519623882	39	1.000000	0.000000	0.000000	2	img_0_0_1519623893959400.png
1519624192	41	1.000000	0.000000	0.000000	2	img_0_0_1519624200521900.png
1519624497	42	1.000000	1.000000	0.000000	2	img_0_0_1519624507800700.png
1519624802	43	1.000000	0.000000	0.000000	2	img_0_0_1519624810820100.png
1519625111	44	1.000000	0.000000	0.000000	2	img_0_0_1519625120200200.png
1519625431	46	1.000000	0.000000	0.000000	N	img_0_0_1519625439417100.png
1519625753	46	1.000000	0.000000	0.000000	N	img_0_0_1519625766168800.png
1519626064	47	1.000000	0.000000	0.000000	3	img_0_0_1519626073718500.png
1519626376	48	1.000000	0.000000	0.000000	3	img_0_0_1519626385307000.png
1519626687	49	1.000000	1.000000	0.000000	3	img_0_0_1519626699044300.png
1519626996	50	1.000000	0.000000	0.000000	3	img_0_0_1519627007653800.png
1519627307	51	1.000000	0.000000	0.000000	3	img_0_0_1519627316177200.png
1519627620	52	1.000000	0.000000	0.000000	3	img_0_0_1519627628667000.png
1519627930	54	1.000000	0.000000	0.000000	3	img_0_0_1519627940287800.png
1519628241	55	1.000000	0.000000	0.000000	3	img_0_0_1519628249667600.png
1519628553	56	1.000000	0.000000	0.000000	3	img_0_0_1519628561730400.png
1519628862	57	1.000000	0.000000	0.000000	3	img_0_0_1519628870916300.png
1519629182	58	1.000000	0.000000	0.000000	3	img_0_0_1519629191802400.png
1519629491	59	1.000000	0.000000	0.000000	3	img_0_0_1519629500801000.png
1519629796	60	1.000000	0.000000	0.000000	N	img_0_0_1519629806066900.png
1519630103	60	1.000000	0.000000	0.000000	N	img_0_0_1519630114431800.png
1519630411	61	1.000000	0.000000	0.000000	4	img_0_0_1519630420619600.png
1519630720	62	1.000000	0.000000	0.000000	4	img_0_0_1519630731655200.png
1519631045	63	1.000000	0.000000	0.000000	4	img_0_0_1519631054009000.png
1519631345	64	0.000000	0.000000	0.000000	4	img_0_0_1519631354723000.png
1519631642	64	0.000000	0.000000	0.000000	4	img_0_0_1519631651730200.png
1519631940	65	0.000000	0.000000	0.000000	4	img_0_0_1519631949663800.png
1519632245	65	0.000000	0.000000	0.000000	4	img_0_0_1519632253928100.png
1519632541	65	0.000000	0.000000	0.000000	4	img_0_0_1519632550514800.png
1519632839	64	0.000000	0.000000	0.000000	N	img_0_0_1519632848279900.png
1519633141	64	0.000000	0.000000	0.000000	N	img_0_0_1519633149882600.png
1519633436	64	0.000000	0.000000	0.000000	3	img_0_0_1519633445307500.png
1519633728	63	-1.000000	0.000000	0.000000	R	img_0_0_1519633738610300.png
1519634028	61	0.000000	0.000000	0.000000	N	img_0_0_1519634037378100.png
1519634325	60	-1.000000	0.000000	0.000000	R	img_0_0_1519634335890000.png
1519634618	58	-1.000000	0.000000	0.000000	R	img_0_0_1519634629762400.png
1519634907	55	-1.000000	0.000000	0.000000	R	img_0_0_1519634916374800.png
1519635196	52	0.000000	0.000000	0.000000	N	img_0_0_1519635205438200.png
1519635479	51	0.000000	1.000000	0.000000	N	img_0_0_1519635489241800.png
1519635761	51	0.000000	1.000000	0.000000	N	img_0_0_1519635770324100.png
1519636054	51	0.000000	1.000000	0.000000	N	img_0_0_1519636066681200.png
1519636353	50	0.000000	1.000000	0.000000	N	img_0_0_1519636364038400.png
1519636630	49	0.000000	1.000000	0.000000	N	img_0_0_1519636643221100.png
1519636904	48	0.000000	1.000000	0.000000	N	img_0_0_1519636913889100.png
1519637168	47	0.000000	0.000000	0.000000	N	img_0_0_1519637177188400.png
1519637412	47	0.000000	0.000000	0.000000	N	img_0_0_1519637422775700.png
1519637650	46	1.000000	0.000000	0.000000	N	img_0_0_1519637661099300.png
1519637887	46	0.000000	1.000000	0.000000	N	img_0_0_1519637895542700.png
1519638125	46	0.000000	1.000000	0.000000	N	img_0_0_1519638134215200.png
1519638354	45	0.000000	1.000000	0.000000	1	img_0_0_1519638364523800.png
1519638577	43	0.000000	1.000000	0.000000	1	img_0_0_1519638586312800.png
1519638797	41	0.000000	1.000000	0.000000	1	img_0_0_1519638806234000.png
1519639004	40	0.000000	1.000000	0.000000	1	img_0_0_1519639014337700.png
1519639198	38	0.000000	0.000000	0.000000	1	img_0_0_1519639207295000.png
1519639381	37	0.000000	0.000000	0.000000	1	img_0_0_1519639392058100.png
1519639573	36	0.000000	0.000000	0.000000	1	img_0_0_1519639583168300.png
1519639784	35	0.000000	0.000000	0.000000	1	img_0_0_1519639793601800.png
1519640015	35	0.000000	0.000000	0.000000	1	img_0_0_1519640031318700.png
1519640260	33	1.000000	0.000000	0.000000	1	img_0_0_1519640269944900.png
1519640494	32	1.000000	0.000000	0.000000	1	img_0_0_1519640504580000.png
1519640731	33	1.000000	1.000000	0.000000	1	img_0_0_1519640742072300.png
1519640979	33	1.000000	0.000000	0.000000	N	img_0_0_1519640989060600.png
1519641239	33	1.000000	1.000000	0.000000	N	img_0_0_1519641248718500.png
1519641519	34	0.000000	0.000000	0.000000	2	img_0_0_1519641528619000.png
1519641769	35	-1.000000	0.000000	0.000000	R	img_0_0_1519641778592700.png
1519642020	32	-1.000000	0.000000	0.000000	R	img_0_0_1519642035771400.png
1519642296	28	0.000000	0.000000	0.000000	N	img_0_0_1519642306922300.png
1519642537	28	1.000000	0.000000	0.000000	N	img_0_0_1519642547484700.png
1519642786	28	1.000000	0.000000	0.000000	N	img_0_0_1519642797569800.png
1519643035	28	0.000000	0.000000	0.000000	N	img_0_0_1519643043562000.png
1519643273	28	-1.000000	0.000000	0.000000	R	img_0_0_1519643282228400.png
1519643515	24	0.000000	0.000000	0.000000	N	img_0_0_1519643524248500.png
1519643760	23	0.000000	0.000000	0.000000	N	img_0_0_1519643770425600.png
1519643994	23	0.000000	0.000000	0.000000	N	img_0_0_1519644004095300.png
1519644235	23	1.000000	0.000000	0.000000	N	img_0_0_1519644244769300.png
1519644466	23	1.000000	0.000000	0.000000	N	img_0_0_1519644475642100.png
1519644721	24	1.000000	0.000000	0.000000	1	img_0_0_1519644734071300.png
1519644963	25	0.000000	0.000000	0.000000	1	img_0_0_1519644972177600.png
1519645199	26	0.000000	0.000000	0.000000	1	img_0_0_1519645209586000.png
1519645430	27	0.000000	0.000000	0.000000	1	img_0_0_1519645439738800.png
1519645660	27	0.000000	0.000000	0.000000	1	img_0_0_1519645671182700.png
1519645900	26	0.000000	0.000000	0.000000	1	img_0_0_1519645909461900.png
1519646131	26	1.000000	0.000000	0.000000	1	img_0_0_1519646140589300.png
1519646366	25	1.000000	0.000000	0.000000	1	img_0_0_1519646375232000.png
1519646606	26	1.000000	0.000000	0.000000	1	img_0_0_1519646618412600.png
1519646852	27	1.000000	0.000000	0.000000	1	img_0_0_1519646862039000.png
1519647082	27	0.000000	0.000000	0.000000	N	img_0_0_1519647091767500.png
1519647311	27	1.000000	0.000000	0.000000	N	img_0_0_1519647323142100.png
1519647540	29	1.000000	0.000000	0.000000	2	img_0_0_1519647548865400.png
1519647767	30	1.000000	0.000000	0.000000	2	img_0_0_1519647776847100.png
1519647993	32	1.000000	1.000000	0.000000	2	img_0_0_1519648003686000.png
1519648220	32	1.000000	1.000000	0.000000	2	img_0_0_1519648231035300.png
1519648452	33	1.000000	0.000000	0.000000	2	img_0_0_1519648462089100.png
1519648678	35	1.000000	0.000000	0.000000	2	img_0_0_1519648688306200.png
1519648906	36	1.000000	0.000000	0.000000	2	img_0_0_1519648915779500.png
1519649138	38	1.000000	0.000000	0.000000	2	img_0_0_1519649146943600.png
1519649363	40	1.000000	0.000000	0.000000	2	img_0_0_1519649371824500.png
1519649588	41	1.000000	0.000000	0.000000	2	img_0_0_1519649596758200.png
1519649815	43	1.000000	0.000000	0.000000	2	img_0_0_1519649823807400.png
1519650048	44	1.000000	0.000000	0.000000	2	img_0_0_1519650055382000.png
1519650269	46	1.000000	0.000000	0.000000	2	img_0_0_1519650278120200.png
1519650496	47	1.000000	0.000000	0.000000	2	img_0_0_1519650507720500.png
1519650720	47	1.000000	0.000000	0.000000	N	img_0_0_1519650729753200.png
1519650944	47	1.000000	0.000000	0.000000	3	img_0_0_1519650952861100.png
1519651168	48	1.000000	0.000000	0.000000	3	img_0_0_1519651178229000.png
1519651389	50	1.000000	0.000000	0.000000	3	img_0_0_1519651398080500.png
1519651609	51	1.000000	0.000000	0.000000	3	img_0_0_1519651620044600.png
1519651834	52	1.000000	0.000000	0.000000	3	img_0_0_1519651843456300.png
1519652060	54	1.000000	0.000000	0.000000	3	img_0_0_1519652069026600.png
1519652277	55	1.000000	0.000000	0.000000	3	img_0_0_1519652287213800.png
1519652495	56	1.000000	0.000000	0.000000	3	img_0_0_1519652503768600.png
1519652712	57	1.000000	0.000000	0.000000	3	img_0_0_1519652721250600.png
1519652926	58	1.000000	0.000000	0.000000	3	img_0_0_1519652934886000.png
1519653148	59	1.000000	0.000000	0.000000	3	img_0_0_1519653157173200.png
1519653361	61	1.000000	0.000000	0.000000	3	img_0_0_1519653369989700.png
1519653572	62	1.000000	-1.000000	0.000000	3	img_0_0_1519653582106100.png
1519653787	63	1.000000	0.000000	0.000000	3	img_0_0_1519653797382800.png
1519653993	63	1.000000	0.000000	0.000000	N	img_0_0_1519654005377500.png
1519654204	63	1.000000	0.000000	0.000000	N	img_0_0_1519654213600000.png
1519654401	64	1.000000	-1.000000	0.000000	4	img_0_0_1519654409189200.png
1519654593	65	1.000000	0.000000	0.000000	4	img_0_0_1519654601674700.png
1519654782	66	1.000000	0.000000	0.000000	4	img_0_0_1519654791431500.png
1519654974	67	1.000000	0.000000	0.000000	4	img_0_0_1519654983932600.png
1519655169	67	1.000000	0.000000	0.000000	4	img_0_0_1519655178613600.png
1519655357	68	1.000000	1.000000	0.000000	4	img_0_0_1519655366242500.png
1519655540	69	1.000000	0.000000	0.000000	4	img_0_0_1519655550783600.png
1519655725	70	1.000000	0.000000	0.000000	4	img_0_0_1519655734864200.png
1519655913	71	1.000000	0.000000	0.000000	N	img_0_0_1519655922088200.png
1519656103	71	0.000000	0.000000	0.000000	N	img_0_0_1519656111848300.png
1519656288	71	0.000000	0.000000	0.000000	3	img_0_0_1519656298051900.png
1519656472	71	0.000000	0.000000	0.000000	3	img_0_0_1519656481901200.png
1519656662	71	-1.000000	0.000000	0.000000	R	img_0_0_1519656671281000.png
1519656847	68	-1.000000	0.000000	0.000000	R	img_0_0_1519656856381500.png
1519657041	65	-1.000000	0.000000	0.000000	R	img_0_0_1519657052361300.png
1519657233	63	-1.000000	0.000000	0.000000	R	img_0_0_1519657243259400.png
1519657415	60	-1.000000	0.000000	0.000000	R	img_0_0_1519657424462600.png
1519657596	56	-1.000000	0.000000	0.000000	R	img_0_0_1519657605638000.png
1519657775	53	-1.000000	0.000000	0.000000	R	img_0_0_1519657785394300.png
1519657955	50	-1.000000	0.000000	0.000000	R	img_0_0_1519657964164400.png
1519658132	46	-1.000000	0.000000	0.000000	R	img_0_0_1519658142735300.png
1519658311	43	-1.000000	0.000000	0.000000	R	img_0_0_1519658320708100.png
1519658487	39	-1.000000	0.000000	0.000000	R	img_0_0_1519658496974400.png
1519658661	36	0.000000	0.000000	0.000000	N	img_0_0_1519658670095300.png
1519658835	35	1.000000	0.000000	0.000000	N	img_0_0_1519658844578500.png
1519659009	35	1.000000	0.000000	0.000000	N	img_0_0_1519659020428100.png
1519659186	35	1.000000	0.000000	0.000000	N	img_0_0_1519659195610800.png
1519659360	35	0.000000	1.000000	0.000000	N	img_0_0_1519659369073500.png
1519659533	35	0.000000	1.000000	0.000000	N	img_0_0_1519659542430900.png
1519659708	34	0.000000	0.000000	0.000000	N	img_0_0_1519659716692300.png
1519659893	34	-1.000000	0.000000	0.000000	R	img_0_0_1519659901801500.png
1519660080	31	-1.000000	0.000000	0.000000	R	img_0_0_1519660089660900.png
1519660273	28	-1.000000	0.000000	0.000000	R	img_0_0_1519660283472600.png
1519660464	25	-1.000000	0.000000	0.000000	R	img_0_0_1519660472978700.png
1519660650	22	0.000000	1.000000	0.000000	N	img_0_0_1519660661297900.png
1519660837	22	1.000000	1.000000	0.000000	N	img_0_0_1519660845867400.png
1519661028	22	1.000000	1.000000	0.000000	N	img_0_0_1519661038439500.png
1519661228	21	1.000000	1.000000	0.000000	N	img_0_0_1519661236299700.png
1519661431	21	1.000000	1.000000	0.000000	N	img_0_0_1519661439995400.png
1519661638	21	1.000000	0.000000	0.000000	N	img_0_0_1519661646953100.png
1519661850	21	1.000000	1.000000	0.000000	N	img_0_0_1519661859853100.png
1519662061	21	1.000000	0.000000	0.000000	N	img_0_0_1519662070264100.png
1519662311	21	1.000000	1.000000	0.000000	N	img_0_0_1519662320740100.png
1519662563	21	1.000000	1.000000	0.000000	N	img_0_0_1519662572282400.png
1519662804	20	1.000000	0.000000	0.000000	N	img_0_0_1519662813237600.png
1519663052	21	1.000000	0.000000	0.000000	1	img_0_0_1519663059869000.png
1519663298	23	1.000000	1.000000	0.000000	1	img_0_0_1519663307797700.png
1519663540	24	1.000000	1.000000	0.000000	1	img_0_0_1519663550712000.png
1519663785	24	1.000000	0.000000	0.000000	1	img_0_0_1519663794356000.png
1519664028	24	1.000000	1.000000	0.000000	1	img_0_0_1519664046821400.png
1519664278	25	1.000000	1.000000	0.000000	1	img_0_0_1519664288284400.png
1519664518	27	1.000000	1.000000	0.000000	1	img_0_0_1519664527137700.png
1519664756	29	1.000000	1.000000	0.000000	1	img_0_0_1519664765729100.png
1519665000	30	0.000000	1.000000	0.000000	1	img_0_0_1519665008705500.png
1519665248	31	0.000000	1.000000	0.000000	N	img_0_0_1519665257990100.png
1519665498	30	0.000000	1.000000	0.000000	2	img_0_0_1519665508798100.png
1519665743	30	0.000000	0.000000	0.000000	2	img_0_0_1519665751392500.png
1519665967	30	0.000000	0.000000	0.000000	2	img_0_0_1519665976283400.png
1519666177	29	0.000000	0.000000	0.000000	2	img_0_0_1519666186496600.png
1519666366	30	0.000000	0.000000	0.000000	2	img_0_0_1519666375047100.png
1519666541	30	1.000000	0.000000	0.000000	2	img_0_0_1519666550553700.png
1519666705	30	0.000000	0.000000	0.000000	2	img_0_0_1519666714854900.png
1519666868	30	0.000000	0.000000	0.000000	2	img_0_0_1519666877655000.png
1519667030	30	0.000000	1.000000	0.000000	2	img_0_0_1519667039691900.png
1519667195	30	1.000000	0.000000	0.000000	N	img_0_0_1519667205892600.png
1519667352	30	1.000000	0.000000	0.000000	1	img_0_0_1519667361123400.png
1519667512	29	1.000000	0.000000	0.000000	1	img_0_0_1519667522249200.png
1519667674	29	1.000000	1.000000	0.000000	1	img_0_0_1519667683624600.png
1519667835	30	1.000000	0.000000	0.000000	1	img_0_0_1519667844659400.png
1519667992	32	1.000000	0.000000	0.000000	1	img_0_0_1519668001023000.png
1519668144	33	1.000000	1.000000	0.000000	1	img_0_0_1519668153113500.png
1519668303	35	1.000000	1.000000	0.000000	1	img_0_0_1519668312069900.png
1519668453	36	1.000000	0.000000	0.000000	1	img_0_0_1519668461368700.png
1519668591	36	1.000000	0.000000	0.000000	1	img_0_0_1519668599798700.png
1519668723	36	1.000000	1.000000	0.000000	N	img_0_0_1519668732483200.png
1519668859	36	1.000000	0.000000	0.000000	N	img_0_0_1519668868413700.png
1519668989	38	1.000000	0.000000	0.000000	2	img_0_0_1519668997505200.png
1519669114	39	1.000000	-1.000000	0.000000	2	img_0_0_1519669122922800.png
1519669241	41	1.000000	-1.000000	0.000000	2	img_0_0_1519669249184000.png
1519669368	42	1.000000	0.000000	0.000000	2	img_0_0_1519669377396800.png
1519669497	42	1.000000	0.000000	0.000000	2	img_0_0_1519669507194200.png
1519669635	44	1.000000	0.000000	0.000000	2	img_0_0_1519669644016500.png
1519669773	46	1.000000	0.000000	0.000000	2	img_0_0_1519669783109400.png
1519669913	47	1.000000	0.000000	0.000000	2	img_0_0_1519669921713000.png
1519670054	49	1.000000	1.000000	0.000000	N	img_0_0_1519670062409500.png
1519670196	49	1.000000	0.000000	0.000000	N	img_0_0_1519670205014600.png
1519670335	49	1.000000	0.000000	0.000000	3	img_0_0_1519670343401700.png
1519670469	51	1.000000	0.000000	0.000000	3	img_0_0_1519670478363500.png
1519670603	52	1.000000	0.000000	0.000000	3	img_0_0_1519670611531000.png
1519670735	53	1.000000	0.000000	0.000000	3	img_0_0_1519670745363700.png
1519670867	54	1.000000	0.000000	0.000000	3	img_0_0_1519670876413600.png
1519670996	55	1.000000	0.000000	0.000000	3	img_0_0_1519671005223800.png
1519671132	57	1.000000	0.000000	0.000000	3	img_0_0_1519671141712100.png
1519671270	58	1.000000	1.000000	0.000000	3	img_0_0_1519671277893100.png
1519671400	59	1.000000	0.000000	0.000000	3	img_0_0_1519671408412600.png
1519671526	59	1.000000	0.000000	0.000000	N	img_0_0_1519671534637500.png
1519671649	59	1.000000	0.000000	0.000000	N	img_0_0_1519671657136800.png
1519671769	60	1.000000	0.000000	0.000000	4	img_0_0_1519671777178900.png
1519671887	61	1.000000	0.000000	0.000000	4	img_0_0_1519671895715100.png
1519672005	62	0.000000	0.000000	0.000000	4	img_0_0_1519672014044200.png
1519672125	63	0.000000	0.000000	0.000000	4	img_0_0_1519672133232900.png
1519672245	63	0.000000	0.000000	0.000000	4	img_0_0_1519672255670200.png
1519672365	63	0.000000	0.000000	0.000000	4	img_0_0_1519672373575500.png
1519672482	63	-1.000000	0.000000	0.000000	R	img_0_0_1519672492388000.png
1519672598	60	-1.000000	0.000000	0.000000	R	img_0_0_1519672606245400.png
1519672712	57	-1.000000	0.000000	0.000000	R	img_0_0_1519672720452700.png
1519672836	54	-1.000000	0.000000	0.000000	R	img_0_0_1519672845021000.png
1519672957	51	-1.000000	0.000000	0.000000	R	img_0_0_1519672965779300.png
1519673070	48	-1.000000	0.000000	0.000000	R	img_0_0_1519673078988600.png
1519673184	45	-1.000000	0.000000	0.000000	R	img_0_0_1519673192258900.png
1519673299	42	-1.000000	0.000000	0.000000	R	img_0_0_1519673306564000.png
1519673411	38	-1.000000	0.000000	0.000000	R	img_0_0_1519673419616800.png
1519673524	35	-1.000000	0.000000	0.000000	R	img_0_0_1519673532473900.png
1519673637	31	-1.000000	0.000000	0.000000	R	img_0_0_1519673644457600.png
1519673750	28	-1.000000	1.000000	0.000000	R	img_0_0_1519673757914300.png
1519673862	24	0.000000	1.000000	0.000000	N	img_0_0_1519673869973200.png
1519673973	23	0.000000	1.000000	0.000000	N	img_0_0_1519673981659300.png
1519674080	23	0.000000	1.000000	0.000000	N	img_0_0_1519674088343500.png
1519674177	23	0.000000	1.000000	0.000000	N	img_0_0_1519674185214600.png
1519674271	23	0.000000	0.000000	0.000000	1	img_0_0_1519674279119500.png
1519674358	24	1.000000	0.000000	0.000000	1	img_0_0_1519674366838700.png
1519674440	24	1.000000	0.000000	0.000000	1	img_0_0_1519674448417000.png
1519674521	24	1.000000	0.000000	0.000000	1	img_0_0_1519674529550700.png
1519674599	25	1.000000	1.000000	0.000000	1	img_0_0_1519674607541800.png
1519674676	26	1.000000	1.000000	0.000000	1	img_0_0_1519674684628900.png
1519674753	26	1.000000	1.000000	0.000000	1	img_0_0_1519674762222700.png
1519674829	27	1.000000	1.000000	0.000000	1	img_0_0_1519674837621300.png
1519674903	28	1.000000	1.000000	0.000000	1	img_0_0_1519674912084100.png
1519674976	28	1.000000	1.000000	0.000000	1	img_0_0_1519674984653300.png
1519675046	28	1.000000	1.000000	0.000000	1	img_0_0_1519675054921400.png
1519675113	27	0.000000	1.000000	0.000000	N	img_0_0_1519675122832200.png
1519675178	27	0.000000	1.000000	0.000000	N	img_0_0_1519675188000000.png
1519675246	27	1.000000	0.000000	0.000000	2	img_0_0_1519675256011400.png
1519675306	27	1.000000	0.000000	0.000000	2	img_0_0_1519675316573700.png
1519675364	27	1.000000	0.000000	0.000000	2	img_0_0_1519675375378600.png
1519675421	29	1.000000	0.000000	0.000000	2	img_0_0_1519675432076000.png
1519675476	30	1.000000	1.000000	0.000000	2	img_0_0_1519675487480600.png
1519675530	30	1.000000	1.000000	0.000000	2	img_0_0_1519675543247000.png
1519675631	30	1.000000	0.000000	0.000000	2	img_0_0_1519675643643800.png
1519675726	31	1.000000	0.000000	0.000000	2	img_0_0_1519675735193000.png
1519675772	31	1.000000	0.000000	0.000000	2	img_0_0_1519675784635500.png
1519675864	32	1.000000	0.000000	0.000000	2	img_0_0_1519675871735500.png
1519675909	33	1.000000	0.000000	0.000000	2	img_0_0_1519675921052000.png
1519676000	35	1.000000	0.000000	0.000000	2	img_0_0_1519676010298000.png
1519676093	36	1.000000	1.000000	0.000000	N	img_0_0_1519676097610400.png
1519676138	36	1.000000	1.000000	0.000000	N	img_0_0_1519676145144900.png
1519676229	36	1.000000	0.000000	0.000000	3	img_0_0_1519676230892300.png
1519676274	37	1.000000	0.000000	0.000000	3	img_0_0_1519676279194000.png
1519676320	38	1.000000	0.000000	0.000000	3	img_0_0_1519676326921700.png
1519676411	38	1.000000	0.000000	0.000000	3	img_0_0_1519676413646600.png
1519676456	38	1.000000	0.000000	0.000000	3	img_0_0_1519676461224500.png
1519676549	38	1.000000	1.000000	0.000000	3	img_0_0_1519676509536300.png
1519676639	38	1.000000	0.000000	0.000000	3	img_0_0_1519676645115000.png
1519676685	39	1.000000	0.000000	0.000000	3	img_0_0_1519676694026000.png
1519676776	41	1.000000	0.000000	0.000000	3	img_0_0_1519676784437000.png
1519676867	42	1.000000	0.000000	0.000000	3	img_0_0_1519676873886800.png
1519676912	43	1.000000	1.000000	0.000000	3	img_0_0_1519676922609000.png
1519677003	44	1.000000	1.000000	0.000000	3	img_0_0_1519677010837600.png
1519677049	45	1.000000	1.000000	0.000000	3	img_0_0_1519677060580600.png
1519677143	45	1.000000	0.000000	0.000000	N	img_0_0_1519677153728100.png
1519677257	45	1.000000	0.000000	0.000000	2	img_0_0_1519677270798000.png
1519677393	46	1.000000	0.000000	0.000000	2	img_0_0_1519677406822600.png
1519677544	48	1.000000	0.000000	0.000000	2	img_0_0_1519677553633100.png
1519677624	48	1.000000	-1.000000	0.000000	2	img_0_0_1519677637719200.png
1519677706	50	1.000000	-1.000000	0.000000	2	img_0_0_1519677715093400.png
1519677784	51	1.000000	0.000000	0.000000	2	img_0_0_1519677792436100.png
1519677855	52	1.000000	0.000000	0.000000	2	img_0_0_1519677868572300.png
1519677925	52	1.000000	0.000000	0.000000	2	img_0_0_1519677938237000.png
1519677995	53	1.000000	0.000000	0.000000	2	img_0_0_1519678006945100.png
1519678068	53	1.000000	0.000000	0.000000	2	img_0_0_1519678081531300.png
1519678130	54	1.000000	0.000000	0.000000	N	img_0_0_1519678140906400.png
1519678191	55	1.000000	0.000000	0.000000	N	img_0_0_1519678204522400.png
1519678251	55	1.000000	0.000000	0.000000	N	img_0_0_1519678264329300.png
1519678357	56	1.000000	0.000000	0.000000	3	img_0_0_1519678370915900.png
1519678461	57	1.000000	1.000000	0.000000	3	img_0_0_1519678474553900.png
1519678561	58	1.000000	1.000000	0.000000	3	img_0_0_1519678572555700.png
1519678669	59	1.000000	0.000000	0.000000	3	img_0_0_1519678682979300.png
1519678792	59	1.000000	0.000000	0.000000	3	img_0_0_1519678805757900.png
1519678928	60	1.000000	0.000000	0.000000	3	img_0_0_1519678942911400.png
1519679072	62	1.000000	-1.000000	0.000000	3	img_0_0_1519679085230800.png
1519679147	63	1.000000	0.000000	0.000000	3	img_0_0_1519679160204100.png
1519679218	64	1.000000	0.000000	0.000000	3	img_0_0_1519679230499700.png
1519679285	65	1.000000	0.000000	0.000000	3	img_0_0_1519679298124600.png
1519679347	65	1.000000	0.000000	0.000000	3	img_0_0_1519679356750500.png
1519679404	66	1.000000	0.000000	0.000000	3	img_0_0_1519679413883200.png
1519679458	67	1.000000	0.000000	0.000000	3	img_0_0_1519679471962100.png
1519679559	68	1.000000	0.000000	0.000000	3	img_0_0_1519679570274800.png
1519679655	68	1.000000	0.000000	0.000000	N	img_0_0_1519679666499900.png
1519679751	68	1.000000	-1.000000	0.000000	N	img_0_0_1519679761795900.png
1519679844	68	1.000000	-1.000000	0.000000	4	img_0_0_1519679853750900.png
1519679936	69	1.000000	0.000000	0.000000	4	img_0_0_1519679940929000.png
1519679982	69	1.000000	0.000000	0.000000	4	img_0_0_1519679985914000.png
1519680027	69	1.000000	0.000000	0.000000	4	img_0_0_1519680065551000.png
1519680073	70	1.000000	0.000000	0.000000	4	img_0_0_1519680109101600.png
1519680118	71	1.000000	0.000000	0.000000	4	img_0_0_1519680150068800.png
1519680164	71	1.000000	0.000000	0.000000	4	img_0_0_1519680190412300.png
1519680209	71	1.000000	0.000000	0.000000	4	img_0_0_1519680229264600.png
1519680300	72	1.000000	1.000000	0.000000	4	img_0_0_1519680306609500.png
1519680345	72	1.000000	0.000000	0.000000	4	img_0_0_1519680353971600.png
1519680391	73	1.000000	0.000000	0.000000	4	img_0_0_1519680397499400.png
1519680436	73	1.000000	0.000000	0.000000	4	img_0_0_1519680443840400.png
1519680482	74	1.000000	0.000000	0.000000	4	img_0_0_1519680488779200.png
1519680527	74	1.000000	0.000000	0.000000	4	img_0_0_1519680535280800.png
1519680573	74	1.000000	0.000000	0.000000	4	img_0_0_1519680580267300.png
1519680618	75	1.000000	0.000000	0.000000	4	img_0_0_1519680626249300.png
1519680664	75	1.000000	0.000000	0.000000	N	img_0_0_1519680674458100.png
1519680709	75	1.000000	0.000000	0.000000	N	img_0_0_1519680725091800.png
1519680800	75	1.000000	0.000000	0.000000	3	img_0_0_1519680806903100.png
1519680845	75	1.000000	0.000000	0.000000	3	img_0_0_1519680851743700.png
1519680891	75	1.000000	0.000000	0.000000	3	img_0_0_1519680897060300.png
1519680936	76	1.000000	0.000000	0.000000	3	img_0_0_1519680942596400.png
1519680982	76	1.000000	0.000000	0.000000	3	img_0_0_1519680987547700.png
1519681027	76	1.000000	0.000000	0.000000	3	img_0_0_1519681033358000.png
1519681073	77	1.000000	0.000000	0.000000	3	img_0_0_1519681078572900.png
1519681118	77	1.000000	0.000000	0.000000	3	img_0_0_1519681125531800.png
1519681164	78	1.000000	0.000000	0.000000	3	img_0_0_1519681174929600.png
1519681209	78	1.000000	0.000000	0.000000	3	img_0_0_1519681225493200.png
1519681300	79	1.000000	0.000000	0.000000	3	img_0_0_1519681304231200.png
1519681345	79	1.000000	0.000000	0.000000	3	img_0_0_1519681350263600.png
1519681391	80	1.000000	0.000000	0.000000	3	img_0_0_1519681395045400.png
1519681436	80	0.000000	0.000000	0.000000	3	img_0_0_1519681440938200.png
1519681482	81	0.000000	0.000000	0.000000	3	img_0_0_1519681485864000.png
1519681527	81	0.000000	0.000000	0.000000	3	img_0_0_1519681531467100.png
1519681573	81	0.000000	0.000000	0.000000	3	img_0_0_1519681576691200.png
1519681618	81	0.000000	0.000000	0.000000	3	img_0_0_1519681624398200.png
1519681664	81	0.000000	0.000000	0.000000	N	img_0_0_1519681674537700.png
1519681755	81	-1.000000	0.000000	0.000000	R	img_0_0_1519681758564100.png
1519681800	80	-1.000000	0.000000	0.000000	R	img_0_0_1519681804118000.png
1519681845	79	-1.000000	0.000000	0.000000	R	img_0_0_1519681850069000.png
1519681891	77	-1.000000	0.000000	0.000000	R	img_0_0_1519681894241800.png
1519681936	76	-1.000000	0.000000	0.000000	R	img_0_0_1519681939149300.png
1519681982	75	-1.000000	0.000000	0.000000	R	img_0_0_1519681985120100.png
1519682027	73	-1.000000	0.000000	0.000000	R	img_0_0_1519682031873400.png
1519682073	72	-1.000000	0.000000	0.000000	R	img_0_0_1519682077298000.png
1519682118	70	-1.000000	0.000000	0.000000	R	img_0_0_1519682124837400.png
1519682164	69	-1.000000	0.000000	0.000000	R	img_0_0_1519682174630900.png
1519682209	67	-1.000000	0.000000	0.000000	R	img_0_0_1519682238285800.png
1519682300	64	-1.000000	0.000000	0.000000	R	img_0_0_1519682303610900.png
1519682345	62	-1.000000	0.000000	0.000000	R	img_0_0_1519682348034400.png
1519682391	61	-1.000000	0.000000	0.000000	R	img_0_0_1519682393418800.png
1519682436	59	-1.000000	0.000000	0.000000	R	img_0_0_1519682438592100.png
1519682482	57	-1.000000	0.000000	0.000000	R	img_0_0_1519682484160400.png
1519682527	56	-1.000000	0.000000	0.000000	R	img_0_0_1519682529902000.png
1519682573	54	-1.000000	0.000000	0.000000	R	img_0_0_1519682574898400.png
1519682618	52	-1.000000	0.000000	0.000000	R	img_0_0_1519682624370900.png
1519682664	51	-1.000000	0.000000	0.000000	R	img_0_0_1519682674618200.png
1519682709	49	-1.000000	0.000000	0.000000	R	img_0_0_1519682724710700.png
1519682800	46	-1.000000	0.000000	0.000000	R	img_0_0_1519682804559900.png
1519682846	44	-1.000000	1.000000	0.000000	R	img_0_0_1519682850314700.png
1519682891	42	0.000000	1.000000	0.000000	N	img_0_0_1519682895588700.png
1519682936	41	0.000000	1.000000	0.000000	N	img_0_0_1519682938107700.png
1519682982	41	0.000000	1.000000	0.000000	N	img_0_0_1519682985176700.png
1519683027	41	0.000000	1.000000	0.000000	N	img_0_0_1519683030198300.png
1519683073	40	0.000000	1.000000	0.000000	N	img_0_0_1519683075928700.png
1519683118	40	0.000000	1.000000	0.000000	N	img_0_0_1519683124521700.png
1519683164	40	0.000000	0.000000	0.000000	N	img_0_0_1519683174628000.png
1519683209	39	0.000000	0.000000	0.000000	N	img_0_0_1519683224969200.png
1519683255	39	0.000000	0.000000	0.000000	N	img_0_0_1519683275356900.png
1519683346	39	0.000000	0.000000	0.000000	N	img_0_0_1519683383195800.png
1519683441	39	0.000000	0.000000	0.000000	N	img_0_0_1519683454285400.png
1519683575	39	0.000000	0.000000	0.000000	N	img_0_0_1519683587861700.png
1519683715	38	0.000000	1.000000	0.000000	N	img_0_0_1519683728386700.png
1519683861	38	0.000000	1.000000	0.000000	N	img_0_0_1519683875578300.png
1519683951	38	0.000000	1.000000	0.000000	N	img_0_0_1519683963771200.png
1519684056	37	0.000000	1.000000	0.000000	1	img_0_0_1519684068678600.png
1519684182	36	0.000000	1.000000	0.000000	1	img_0_0_1519684189280400.png
1519684322	34	0.000000	1.000000	0.000000	1	img_0_0_1519684333249500.png
1519684493	33	0.000000	1.000000	0.000000	1	img_0_0_1519684501329700.png
1519684690	32	0.000000	0.000000	0.000000	1	img_0_0_1519684698252900.png
1519684920	31	0.000000	0.000000	0.000000	1	img_0_0_1519684929247100.png
1519685176	29	0.000000	0.000000	0.000000	1	img_0_0_1519685184540800.png
1519685445	28	0.000000	0.000000	0.000000	1	img_0_0_1519685453868300.png
1519685728	27	0.000000	1.000000	0.000000	1	img_0_0_1519685736737100.png
1519686034	26	1.000000	0.000000	0.000000	1	img_0_0_1519686043228200.png
1519686349	26	1.000000	0.000000	0.000000	1	img_0_0_1519686359091700.png
1519686669	26	1.000000	0.000000	0.000000	1	img_0_0_1519686676644800.png
1519686986	27	1.000000	0.000000	0.000000	1	img_0_0_1519686994157800.png
1519686986	27	1.000000	0.000000	0.000000	1	img_0_0_1519687317368400.png
